,t=0,t=1,t=2,t=3,t=4,t=5,t=6,t=7,t=8,t=9,t=10,t=11,t=12,t=13,t=14,t=15,t=16,t=17,t=18,t=19,t=20,t=21,t=22,t=23,t=24,t=25,t=26,t=27,t=28,t=29,t=30,t=31,t=32,t=33,t=34,t=35,t=36,t=37,t=38,t=39,t=40,t=41,t=42,t=43,t=44,t=45,t=46,t=47,t=48,t=49,t=50,t=51,t=52,t=53,t=54,t=55,t=56,t=57,t=58,t=59,t=60,t=61,t=62,t=63,t=64,t=65,t=66,t=67,t=68,t=69,t=70,t=71,t=72,t=73,t=74,t=75,t=76,t=77,t=78,t=79,t=80,t=81,t=82,t=83,t=84,t=85,t=86,t=87,t=88,t=89,t=90,t=91,t=92,t=93,t=94,t=95,t=96,t=97,t=98,t=99,t=100,t=101,t=102,t=103,t=104,t=105,t=106,t=107,t=108,t=109,t=110,t=111,t=112,t=113,t=114,t=115,t=116,t=117,t=118,t=119,t=120,t=121,t=122,t=123,t=124,t=125,t=126,t=127,t=128,t=129,t=130,t=131,t=132,t=133,t=134,t=135,t=136,t=137,t=138,t=139,t=140,t=141,t=142,t=143,t=144,t=145,t=146,t=147,t=148,t=149,t=150,t=151,t=152,t=153,t=154,t=155,t=156,t=157,t=158,t=159,t=160,t=161,t=162,t=163,t=164,t=165,t=166,t=167,t=168,t=169,t=170,t=171,t=172,t=173,t=174,t=175,t=176,t=177,t=178,t=179,t=180,t=181,t=182,t=183,t=184,t=185,t=186,t=187,t=188,t=189,t=190,t=191,t=192,t=193,t=194,t=195,t=196,t=197,t=198,t=199,t=200,t=201,t=202,t=203,t=204,t=205,t=206,t=207,t=208,t=209,t=210,t=211,t=212,t=213,t=214,t=215,t=216,t=217,t=218,t=219,t=220,t=221,t=222,t=223,t=224,t=225,t=226,t=227,t=228,t=229,t=230,t=231,t=232,t=233,t=234,t=235,t=236,t=237,t=238,t=239,t=240,t=241,t=242,t=243,t=244,t=245,t=246,t=247,t=248,t=249,t=250,t=251,t=252,t=253,t=254,t=255,t=256,t=257,t=258,t=259,t=260,t=261,t=262,t=263,t=264,t=265,t=266,t=267,t=268,t=269,t=270,t=271,t=272,t=273,t=274,t=275,t=276,t=277,t=278,t=279,t=280,t=281,t=282,t=283,t=284,t=285,t=286,t=287,t=288,t=289,t=290,t=291,t=292,t=293,t=294,t=295,t=296,t=297,t=298,t=299,t=300,t=301,t=302,t=303,t=304,t=305,t=306,t=307,t=308,t=309,t=310,t=311,t=312,t=313,t=314,t=315,t=316,t=317,t=318,t=319,t=320,t=321,t=322,t=323,t=324,t=325,t=326,t=327,t=328,t=329,t=330,t=331,t=332,t=333,t=334,t=335,t=336,t=337,t=338,t=339,t=340,t=341,t=342,t=343,t=344,t=345,t=346,t=347,t=348,t=349,t=350,t=351,t=352,t=353,t=354,t=355,t=356,t=357,t=358,t=359,t=360,t=361,t=362,t=363,t=364,t=365,t=366,t=367,t=368,t=369,t=370,t=371,t=372,t=373,t=374,t=375,t=376,t=377,t=378,t=379,t=380,t=381,t=382,t=383,t=384,t=385,t=386,t=387,t=388,t=389,t=390,t=391,t=392,t=393,t=394,t=395,t=396,t=397,t=398,t=399,t=400,t=401,t=402,t=403,t=404,t=405,t=406,t=407,t=408,t=409,t=410,t=411,t=412,t=413,t=414,t=415,t=416,t=417,t=418,t=419,t=420,t=421,t=422,t=423,t=424,t=425,t=426,t=427,t=428,t=429,t=430,t=431,t=432,t=433,t=434,t=435,t=436,t=437,t=438,t=439,t=440,t=441,t=442,t=443,t=444,t=445,t=446,t=447,t=448,t=449,t=450,t=451,t=452,t=453,t=454,t=455,t=456,t=457,t=458,t=459,t=460,t=461,t=462,t=463,t=464,t=465,t=466,t=467,t=468,t=469,t=470,t=471,t=472,t=473,t=474,t=475,t=476,t=477,t=478,t=479,t=480,t=481,t=482,t=483,t=484,t=485,t=486,t=487,t=488,t=489,t=490,t=491,t=492,t=493,t=494,t=495,t=496,t=497,t=498,t=499,t=500
0,0.0,0.0,0.0,0.0,0.0,0.0,0.0,0.0,0.0,0.0,0.0,0.0,0.0,0.0,0.0,0.0,0.0,0.0,0.0,0.0,0.0,0.0,0.0,0.0,0.0,0.0,0.0,0.0,0.0,0.0,0.0,0.0,0.0,0.0,0.0,0.0,0.0,0.0,0.0,0.0,0.0,0.0,0.0,0.0,0.0,0.0,0.0,0.0,0.0,0.0,0.0,0.0,0.0,0.0,0.0,0.0,0.0,0.0,0.0,0.0,0.0,0.0,0.0,0.0,0.0,0.0,0.0,0.0,0.0,0.0,0.0,0.0,0.0,0.0,0.0,0.0,0.0,0.0,0.0,0.0,0.0,0.0,0.0,0.0,0.0,0.0,0.0,0.0,0.0,0.0,0.0,0.0,0.0,0.0,0.0,0.0,0.0,0.0,0.0,0.0,0.0,0.0,0.0,0.0,0.0,0.0,0.0,0.0,0.0,0.0,0.0,0.0,0.0,0.0,0.0,0.0,0.0,0.0,0.0,0.0,0.0,0.0,0.0,0.0,0.0,0.0,0.0,0.0,0.0,0.0,0.0,0.0,0.0,0.0,0.0,0.0,0.0,0.0,0.0,0.0,0.0,0.0,0.0,0.0,0.0,0.0,0.0,0.0,0.0,0.0,0.0,0.0,0.0,0.0,0.0,0.0,0.0,0.0,0.0,0.0,0.0,0.0,0.0,0.0,0.0,0.0,0.0,0.0,0.0,0.0,0.0,0.0,0.0,0.0,0.0,0.0,0.0,0.0,0.0,0.0,0.0,0.0,0.0,0.0,0.0,0.0,0.0,0.0,0.0,0.0,0.0,0.0,0.0,0.0,0.0,0.0,0.0,0.0,0.0,0.0,0.0,0.0,0.0,0.0,0.0,0.0,0.0,0.0,0.0,0.0,0.0,0.0,0.0,0.0,0.0,0.0,0.0,0.0,0.0,0.0,0.0,0.0,0.0,0.0,0.0,0.0,0.0,0.0,0.0,0.0,0.0,0.0,0.0,0.0,0.0,0.0,0.0,0.0,0.0,0.0,0.0,0.0,0.0,0.0,0.0,0.0,0.0,0.0,0.0,0.0,0.0,0.0,0.0,0.0,0.0,0.0,0.0,0.0,0.0,0.0,0.0,0.0,0.0,0.0,0.0,0.0,0.0,0.0,0.0,0.0,0.0,0.0,0.0,0.0,0.0,0.0,0.0,0.0,0.0,0.0,0.0,0.0,0.0,0.0,0.0,0.0,0.0,0.0,0.0,0.0,0.0,0.0,0.0,0.0,0.0,0.0,0.0,0.0,0.0,0.0,0.0,0.0,0.0,0.0,0.0,0.0,0.0,0.0,0.0,0.0,0.0,0.0,0.0,0.0,0.0,0.0,0.0,0.0,0.0,0.0,0.0,0.0,0.0,0.0,0.0,0.0,0.0,0.0,0.0,0.0,0.0,0.0,0.0,0.0,0.0,0.0,0.0,0.0,0.0,0.0,0.0,0.0,0.0,0.0,0.0,0.0,0.0,0.0,0.0,0.0,0.0,0.0,0.0,0.0,0.0,0.0,0.0,0.0,0.0,0.0,0.0,0.0,0.0,0.0,0.0,0.0,0.0,0.0,0.0,0.0,0.0,0.0,0.0,0.0,0.0,0.0,0.0,0.0,0.0,0.0,0.0,0.0,0.0,0.0,0.0,0.0,0.0,0.0,0.0,0.0,0.0,0.0,0.0,0.0,0.0,0.0,0.0,0.0,0.0,0.0,0.0,0.0,0.0,0.0,0.0,0.0,0.0,0.0,0.0,0.0,0.0,0.0,0.0,0.0,0.0,0.0,0.0,0.0,0.0,0.0,0.0,0.0,0.0,0.0,0.0,0.0,0.0,0.0,0.0,0.0,0.0,0.0,0.0,0.0,0.0,0.0,0.0,0.0,0.0,0.0,0.0,0.0,0.0,0.0,0.0,0.0,0.0,0.0,0.0,0.0,0.0,0.0,0.0,0.0,0.0,0.0,0.0,0.0,0.0,0.0,0.0,0.0,0.0,0.0,0.0,0.0,0.0,0.0,0.0,0.0,0.0,0.0,0.0,0.0,0.0,0.0,0.0,0.0,0.0,0.0,0.0,0.0,0.0,0.0,0.0,0.0,0.0,0.0,0.0,0.0,0.0,0.0,0.0,0.0,0.0,0.0,0.0,0.0,0.0,0.0,0.0
1,199.99999999999991,199.99999999999991,199.99999999999991,199.99999999999991,199.99999999999991,199.99999999999991,199.99999999999991,199.99999999999991,199.99999999999991,199.99999999999991,199.99999999999991,199.99999999999991,199.99999999999991,199.99999999999991,199.99999999999991,199.99999999999991,199.99999999999991,199.99999999999991,199.99999999999991,199.99999999999991,199.99999999999991,199.99999999999991,199.99999999999991,199.99999999999991,199.99999999999991,199.99999999999991,199.99999999999991,199.99999999999991,199.99999999999991,199.99999999999991,199.99999999999991,199.99999999999991,199.99999999999991,199.99999999999991,199.99999999999991,199.99999999999991,199.99999999999991,199.99999999999991,199.99999999999991,199.99999999999991,199.99999999999991,199.99999999999991,199.99999999999991,199.99999999999991,199.99999999999991,199.99999999999991,199.99999999999991,199.99999999999991,199.99999999999991,199.99999999999991,199.99999999999991,199.99999999999991,199.99999999999991,199.99999999999991,199.99999999999991,199.99999999999991,199.99999999999991,199.99999999999991,199.99999999999991,199.99999999999991,199.99999999999991,199.99999999999991,199.99999999999991,199.99999999999991,199.99999999999991,199.99999999999991,199.99999999999991,199.99999999999991,199.99999999999991,199.99999999999991,199.99999999999991,199.99999999999991,199.99999999999991,199.99999999999991,199.99999999999991,199.99999999999991,199.99999999999991,199.99999999999991,199.99999999999991,199.99999999999991,199.99999999999991,199.99999999999991,199.99999999999991,199.99999999999991,199.99999999999991,199.99999999999991,199.99999999999991,199.99999999999991,199.99999999999991,199.99999999999991,199.99999999999991,199.99999999999991,199.99999999999991,199.99999999999991,199.99999999999991,199.99999999999991,199.99999999999991,199.99999999999991,199.99999999999991,199.99999999999991,199.99999999999991,199.99999999999991,199.99999999999991,199.99999999999991,199.99999999999991,199.99999999999991,199.99999999999991,199.99999999999991,199.99999999999991,199.99999999999991,199.99999999999991,199.99999999999991,199.99999999999991,199.99999999999991,199.99999999999991,199.99999999999991,199.99999999999991,199.99999999999991,199.99999999999991,199.99999999999991,199.99999999999991,199.99999999999991,199.99999999999991,199.99999999999991,199.99999999999991,199.99999999999991,199.99999999999991,199.99999999999991,199.99999999999991,199.99999999999991,199.99999999999991,199.99999999999991,199.99999999999991,199.99999999999991,199.99999999999991,199.99999999999991,199.99999999999991,199.99999999999991,199.99999999999991,199.99999999999991,199.99999999999991,199.99999999999991,199.99999999999991,199.99999999999991,199.99999999999991,199.99999999999991,199.99999999999991,199.99999999999991,199.99999999999991,199.99999999999991,199.99999999999991,199.99999999999991,199.99999999999991,199.99999999999991,199.99999999999991,199.99999999999991,199.99999999999991,199.99999999999991,199.99999999999991,199.99999999999991,199.99999999999991,199.99999999999991,199.99999999999991,199.99999999999991,199.99999999999991,199.99999999999991,199.99999999999991,199.99999999999991,199.99999999999991,199.99999999999991,199.99999999999991,199.99999999999991,199.99999999999991,199.9999999999999,199.99999999999986,199.99999999999983,199.9999999999998,199.99999999999977,199.99999999999974,199.99999999999972,199.9999999999997,199.99999999999966,199.9999999999996,199.99999999999955,199.9999999999995,199.99999999999943,199.99999999999937,199.9999999999993,199.9999999999992,199.99999999999912,199.999999999999,199.9999999999989,199.99999999999878,199.99999999999864,199.9999999999985,199.99999999999832,199.99999999999812,199.9999999999979,199.99999999999767,199.9999999999974,199.99999999999713,199.99999999999682,199.99999999999645,199.99999999999605,199.9999999999956,199.9999999999951,199.99999999999457,199.99999999999397,199.9999999999933,199.99999999999255,199.99999999999173,199.99999999999082,199.9999999999898,199.99999999998866,199.9999999999874,199.99999999998602,199.99999999998445,199.99999999998272,199.9999999999808,199.99999999997866,199.99999999997627,199.99999999997362,199.9999999999707,199.99999999996743,199.9999999999638,199.99999999995975,199.99999999995526,199.9999999999503,199.99999999994478,199.99999999993864,199.99999999993182,199.99999999992423,199.99999999991581,199.99999999990646,199.99999999989606,199.99999999988452,199.99999999987168,199.9999999998574,199.99999999984155,199.99999999982393,199.99999999980434,199.9999999997826,199.99999999975844,199.9999999997316,199.9999999997018,199.99999999966866,199.99999999963185,199.99999999959095,199.9999999995455,199.999999999495,199.9999999994389,199.99999999937654,199.99999999930728,199.9999999992303,199.9999999991448,199.99999999904975,199.99999999894416,199.99999999882684,199.9999999986965,199.99999999855166,199.99999999839073,199.99999999821193,199.99999999801327,199.99999999779251,199.99999999754723,199.9999999972747,199.9999999969719,199.99999999663544,199.9999999962616,199.99999999584622,199.99999999538468,199.99999999487187,199.99999999430207,199.99999999366898,199.99999999296554,199.99999999218394,199.9999999913155,199.99999999035055,199.9999999892784,199.9999999880871,199.99999998676344,199.9999999852927,199.99999998365854,199.99999998184282,199.99999997982536,199.99999997758374,199.99999997509303,199.99999997232558,199.99999996925064,199.99999996583404,199.9999999620378,199.99999995781977,199.99999995313306,199.9999999479256,199.99999994213954,199.9999999357106,199.99999992856735,199.9999999206304,199.99999991181153,199.9999999020128,199.99999989112533,199.99999987902814,199.99999986558683,199.99999985065202,199.9999998340578,199.9999998156198,199.9999997951331,199.9999997723701,199.99999974707788,199.99999971897543,199.9999996877505,199.9999996530561,199.99999961450678,199.99999957167418,199.99999952408243,199.9999994712027,199.99999941244744,199.99999934716382,199.99999927462648,199.9999991940294,199.99999910447713,199.99999900497457,199.9999988944162,199.99999877157353,199.9999986350817,199.99999848342412,199.9999983149157,199.9999981276841,199.99999791964902,199.9999976884989,199.99999743166543,199.99999714629493,199.9999968292166,199.99999647690734,199.9999960854526,199.99999565050288,199.99999516722542,199.99999463025046,199.9999940336116,199.99999337067956,199.9999926340884,199.99999181565377,199.99999090628197,199.99998989586885,199.9999887731876,199.999987525764,199.99998613973776,199.99998459970863,199.99998288856514,199.9999809872946,199.99997887477178,199.9999765275242,199.99997391947133,199.99997102163482,199.99996780181647,199.99996422424053,199.99996024915615,199.9999558323957,199.9999509248841,199.99994547209343,199.99993941343715,199.99993268159682,199.99992520177423,199.99991689086025,199.99990765651137,199.99989739612374,199.99988599569303,199.9998733285478,199.999859253942,199.9998436154911,199.99982623943455,199.99980693270507,199.9997854807834,199.9997616453149,199.999735161461,199.99970573495665,199.9996730388407,199.99963670982302,199.9995963442478,199.99955149360866,199.99950165956517,199.99944628840575,199.99938476489527,199.99931640543917,199.99924045048797,199.99915605609775,199.99906228455305,199.99895809394783,199.9988423266087,199.99871369623187,199.99857077359096,199.9984119706566,199.99823552295177,199.9980394699464,199.9978216332738,199.99757959252642,199.9973106583627,199.9970118426252,199.9966798251391,199.99631091682122,199.99590101869023,199.99544557632248,199.9949395292472,199.9943772547191,199.99375250524344,199.99305833915938,199.9922870435104,199.99143004834488,199.9904778314943,199.98941981277144,199.9882442364127,199.98693804045854,199.9854867116206,199.9838741240229,199.98208236002543,199.98009151113936,199.9778794568215,199.97542161869058,199.97269068743398,199.9696563193711,199.9662847993012,199.96253866589024,199.9583762954336,199.95375143937065,199.94861271041182,199.9429030115687,199.93655890174298,199.92950989082553,199.9216776564728,199.91297517385868,199.90330574873187,199.89256194303542,199.88062438115045,199.8673604235005,199.8526226927783,199.83624743642034,199.8180527071337,199.79783634125965,199.7753737125107,199.75041523612302,199.72268359569225,199.69187066188027,199.65763406875587,199.61959340972874,199.5773260108097,199.530362234233,199.47818026025888,199.42020028917653,199.35577809908503,199.28419788787224,199.20466431985804,199.11629368873116,199.0181040985902,198.9090045539891,198.78778283776566,198.65309204196183,198.5034356021798,198.33715066908866,198.15238963232073,197.94709959146746,197.71899954607497,197.4655550511944,197.18395005688265,196.8710556187585,196.5233951319539,196.13710570217097,195.7078952246344,195.23099469403823,194.70110521559803,194.11233912844224,193.45815458715805,192.73128287462004,191.9236476384667,191.02627515385188,190.02919461539096,188.9213273504344,187.6903637227049,186.322626358561,184.80291817617888,183.11435352908762,181.23817058787512,179.1535228754168,176.837247639352,174.2636084881689,171.40400943129876,168.2266771458875,164.696307939875,160.77367548875,156.4151949875,151.572438875,146.19159875,140.2128875,133.569875,126.18875,117.9875,108.875,98.75,87.5,75.0,50.0,0.0
2,399.99999999999983,399.99999999999983,399.99999999999983,399.99999999999983,399.99999999999983,399.99999999999983,399.99999999999983,399.99999999999983,399.99999999999983,399.99999999999983,399.99999999999983,399.99999999999983,399.99999999999983,399.99999999999983,399.99999999999983,399.99999999999983,399.99999999999983,399.99999999999983,399.99999999999983,399.99999999999983,399.99999999999983,399.99999999999983,399.99999999999983,399.99999999999983,399.99999999999983,399.99999999999983,399.99999999999983,399.99999999999983,399.99999999999983,399.99999999999983,399.99999999999983,399.99999999999983,399.99999999999983,399.99999999999983,399.99999999999983,399.99999999999983,399.99999999999983,399.99999999999983,399.99999999999983,399.99999999999983,399.99999999999983,399.99999999999983,399.99999999999983,399.99999999999983,399.99999999999983,399.99999999999983,399.99999999999983,399.99999999999983,399.99999999999983,399.99999999999983,399.99999999999983,399.99999999999983,399.99999999999983,399.99999999999983,399.99999999999983,399.99999999999983,399.99999999999983,399.99999999999983,399.99999999999983,399.99999999999983,399.99999999999983,399.99999999999983,399.99999999999983,399.99999999999983,399.99999999999983,399.99999999999983,399.99999999999983,399.99999999999983,399.99999999999983,399.99999999999983,399.99999999999983,399.99999999999983,399.99999999999983,399.99999999999983,399.99999999999983,399.99999999999983,399.99999999999983,399.99999999999983,399.99999999999983,399.99999999999983,399.99999999999983,399.99999999999983,399.99999999999983,399.99999999999983,399.99999999999983,399.99999999999983,399.99999999999983,399.99999999999983,399.99999999999983,399.99999999999983,399.99999999999983,399.99999999999983,399.99999999999983,399.99999999999983,399.99999999999983,399.99999999999983,399.99999999999983,399.99999999999983,399.99999999999983,399.99999999999983,399.99999999999983,399.99999999999983,399.99999999999983,399.99999999999983,399.99999999999983,399.99999999999983,399.99999999999983,399.99999999999983,399.99999999999983,399.99999999999983,399.99999999999983,399.99999999999983,399.99999999999983,399.99999999999983,399.99999999999983,399.99999999999983,399.99999999999983,399.99999999999983,399.99999999999983,399.99999999999983,399.99999999999983,399.99999999999983,399.99999999999983,399.99999999999983,399.99999999999983,399.99999999999983,399.99999999999983,399.99999999999983,399.99999999999983,399.99999999999983,399.99999999999983,399.99999999999983,399.99999999999983,399.99999999999983,399.99999999999983,399.99999999999983,399.99999999999983,399.99999999999983,399.99999999999983,399.99999999999983,399.99999999999983,399.99999999999983,399.99999999999983,399.99999999999983,399.99999999999983,399.9999999999998,399.9999999999997,399.99999999999966,399.9999999999996,399.99999999999955,399.9999999999995,399.99999999999943,399.9999999999994,399.9999999999993,399.9999999999992,399.9999999999991,399.999999999999,399.99999999999886,399.99999999999875,399.9999999999986,399.9999999999984,399.99999999999824,399.999999999998,399.9999999999978,399.99999999999756,399.99999999999727,399.999999999997,399.99999999999665,399.99999999999625,399.99999999999585,399.9999999999954,399.9999999999949,399.9999999999943,399.9999999999937,399.99999999999295,399.99999999999216,399.9999999999913,399.99999999999034,399.9999999999893,399.9999999999882,399.9999999999869,399.9999999999855,399.99999999998397,399.99999999998226,399.99999999998033,399.99999999997823,399.99999999997584,399.9999999999732,399.9999999999703,399.9999999999671,399.99999999996356,399.99999999995964,399.99999999995526,399.99999999995043,399.9999999999451,399.9999999999392,399.9999999999326,399.9999999999253,399.99999999991724,399.99999999990825,399.99999999989836,399.99999999988745,399.99999999987534,399.9999999998619,399.9999999998471,399.9999999998306,399.9999999998124,399.99999999979224,399.9999999997699,399.9999999997451,399.99999999971766,399.9999999996873,399.9999999996537,399.9999999996165,399.99999999957527,399.9999999995296,399.99999999947903,399.99999999942304,399.9999999993611,399.9999999992924,399.9999999992164,399.9999999991322,399.99999999903906,399.9999999989359,399.9999999988217,399.9999999986953,399.99999999855527,399.9999999984003,399.9999999982287,399.9999999980387,399.9999999978283,399.9999999975954,399.99999999733757,399.9999999970521,399.9999999967361,399.9999999963863,399.999999995999,399.9999999955703,399.9999999950957,399.9999999945704,399.9999999939888,399.99999999334506,399.99999999263247,399.99999999184365,399.9999999909705,399.999999990004,399.9999999889343,399.99999998775024,399.9999999864396,399.99999998498896,399.9999999833834,399.9999999816064,399.9999999796396,399.99999997746283,399.99999997505375,399.9999999723875,399.9999999694367,399.9999999661711,399.9999999625572,399.9999999585578,399.9999999541319,399.99999994923405,399.99999994381415,399.9999999378165,399.99999993117973,399.9999999238358,399.99999991570957,399.9999999067178,399.9999998967685,399.9999998857598,399.9999998735792,399.99999986010226,399.99999984519116,399.99999982869366,399.9999998104412,399.9999997902475,399.9999997679066,399.99999974319064,399.9999997158476,399.9999996855987,399.99999965213595,399.9999996151185,399.9999995741696,399.99999952887254,399.99999947876665,399.9999994233425,399.9999993620369,399.999999294227,399.9999992192244,399.9999991362677,399.9999990445155,399.9999989430372,399.9999988308043,399.9999987066797,399.9999985694064,399.9999984175948,399.99999824970894,399.999998064051,399.9999978587443,399.99999763171445,399.9999973806688,399.9999971030733,399.9999967961274,399.99999645673574,399.9999960814777,399.99999566657306,399.99999520784417,399.9999947006746,399.9999941399631,399.99999352007285,399.9999928347753,399.99999207718855,399.9999912397088,399.99999031393486,399.9999892905851,399.9999881594054,399.9999869090674,399.99998552705665,399.9999839995488,399.99998231127324,399.9999804453617,399.99997838318245,399.9999761041564,399.9999735855545,399.99997080227377,399.99996772659034,399.99996432788754,399.9999605723546,399.9999564226552,399.99995183756147,399.9999467715499,399.99994117435597,399.99993499048253,399.99992815865755,399.99992061123584,399.99991227353945,399.99990306312986,399.9998928890053,399.99988165071574,399.9998692373864,399.99985552664174,399.99984038341813,399.9998236586555,399.999805187854,399.9997847894836,399.99976226323025,399.9997373880627,399.9997099201021,399.9996795902728,399.9996461017148,399.9996091269307,399.99956830464254,399.9995232363282,399.99947348240516,399.99941855802615,399.9993579284468,399.99929100392353,399.99921713409327,399.99913560178317,399.99904561619314,399.9989463053883,399.9988367080318,399.99871576428257,399.99858230577394,399.99843504458084,399.9982725610761,399.9980932905631,399.99789550856474,399.99767731463396,399.99743661453874,399.99717110066143,399.99687823043433,399.99655520261774,399.99619893120695,399.99580601673426,399.99537271470956,399.9948949009172,399.99436803326097,399.99378710981796,399.9931466227301,399.99244050752617,399.99166208742844,399.99080401215434,399.9898581906782,399.98881571736604,399.9876667908403,399.9864006248722,399.98500535053046,399.983467908744,399.9817739323565,399.97990761666375,399.9778515773312,399.97558669448443,399.9730919416553,399.97034419814213,399.9673180432105,399.9639855304158,399.96031594017035,399.95627550850713,399.95182712980557,399.94693003104055,399.9415394148981,399.93560606885933,399.9290759370971,399.9218896517475,399.91398201981286,399.90528146162427,399.8957093964331,399.8851795703152,399.8735973211534,399.86085877501347,399.8468499677418,399.83144588508856,399.8145094140959,399.7958901978815,399.77542338529724,399.752928266239,399.72820678263326,399.7010419043221,399.6711958582055,399.63840819808377,399.6023937016608,399.56284008013046,399.51940548465933,399.47171579290904,399.4193616575024,399.3618952970312,399.29882700883184,399.2296213813161,399.1536931821447,399.07040289696835,398.9790518918498,398.8788771708164,398.76904569829594,398.64864825446455,398.51669278980273,398.3720972434326,398.2136817881185,398.040160463186,397.85013215508184,397.6420708839029,397.4143153530165,397.16505771793436,396.8923315299572,396.59399880986246,396.2677362071546,395.91102020125413,395.5211113025961,395.0950372140973,394.6295749170112,394.1212316500282,393.56622475683895,392.9604603855332,392.2995110334826,391.57859194411776,390.7925363776906,389.9357697971918,389.0022830336477,387.98560452268407,386.87877173726366,385.67430198072907,384.36416275067734,382.93974193887675,381.39181819666766,379.71053187052473,377.8853570003418,375.9050749754204,373.75775056224063,371.43071115631204,368.91053027051976,366.18301645756,363.23320907788667,360.0453825711555,356.6030611730781,352.8890463461545,348.88545956790114,344.57380355070075,339.9350454609385,334.9497262703562,329.5981010193861,323.8603155117762,317.716625804705,311.14766782307754,304.13478552695625,296.66042731536265,288.7086217786376,280.2655455385001,271.32019776625003,261.865198075,251.89772687500002,241.42063000000002,230.44371250000003,218.98525000000004,207.07375000000002,194.75,180.625,162.5,137.5,100.0,50.0,0.0
3,599.9999999999997,599.9999999999997,599.9999999999997,599.9999999999997,599.9999999999997,599.9999999999997,599.9999999999997,599.9999999999997,599.9999999999997,599.9999999999997,599.9999999999997,599.9999999999997,599.9999999999997,599.9999999999997,599.9999999999997,599.9999999999997,599.9999999999997,599.9999999999997,599.9999999999997,599.9999999999997,599.9999999999997,599.9999999999997,599.9999999999997,599.9999999999997,599.9999999999997,599.9999999999997,599.9999999999997,599.9999999999997,599.9999999999997,599.9999999999997,599.9999999999997,599.9999999999997,599.9999999999997,599.9999999999997,599.9999999999997,599.9999999999997,599.9999999999997,599.9999999999997,599.9999999999997,599.9999999999997,599.9999999999997,599.9999999999997,599.9999999999997,599.9999999999997,599.9999999999997,599.9999999999997,599.9999999999997,599.9999999999997,599.9999999999997,599.9999999999997,599.9999999999997,599.9999999999997,599.9999999999997,599.9999999999997,599.9999999999997,599.9999999999997,599.9999999999997,599.9999999999997,599.9999999999997,599.9999999999997,599.9999999999997,599.9999999999997,599.9999999999997,599.9999999999997,599.9999999999997,599.9999999999997,599.9999999999997,599.9999999999997,599.9999999999997,599.9999999999997,599.9999999999997,599.9999999999997,599.9999999999997,599.9999999999997,599.9999999999997,599.9999999999997,599.9999999999997,599.9999999999997,599.9999999999997,599.9999999999997,599.9999999999997,599.9999999999997,599.9999999999997,599.9999999999997,599.9999999999997,599.9999999999997,599.9999999999997,599.9999999999997,599.9999999999997,599.9999999999997,599.9999999999997,599.9999999999997,599.9999999999997,599.9999999999997,599.9999999999997,599.9999999999997,599.9999999999997,599.9999999999997,599.9999999999997,599.9999999999997,599.9999999999997,599.9999999999997,599.9999999999997,599.9999999999997,599.9999999999997,599.9999999999997,599.9999999999997,599.9999999999997,599.9999999999997,599.9999999999997,599.9999999999997,599.9999999999997,599.9999999999997,599.9999999999997,599.9999999999997,599.9999999999997,599.9999999999997,599.9999999999997,599.9999999999997,599.9999999999997,599.9999999999997,599.9999999999997,599.9999999999997,599.9999999999995,599.9999999999994,599.9999999999993,599.9999999999992,599.9999999999991,599.999999999999,599.9999999999989,599.9999999999987,599.9999999999986,599.9999999999984,599.9999999999982,599.999999999998,599.9999999999977,599.9999999999975,599.9999999999972,599.9999999999968,599.9999999999965,599.999999999996,599.9999999999956,599.999999999995,599.9999999999944,599.9999999999937,599.9999999999931,599.9999999999923,599.9999999999914,599.9999999999903,599.9999999999892,599.999999999988,599.9999999999866,599.9999999999852,599.9999999999837,599.999999999982,599.9999999999801,599.999999999978,599.9999999999756,599.9999999999729,599.99999999997,599.9999999999668,599.9999999999634,599.9999999999595,599.9999999999552,599.9999999999504,599.9999999999452,599.9999999999395,599.9999999999332,599.9999999999261,599.9999999999184,599.9999999999097,599.9999999999002,599.9999999998897,599.9999999998781,599.9999999998653,599.9999999998512,599.9999999998356,599.9999999998184,599.9999999997993,599.9999999997783,599.999999999755,599.9999999997294,599.9999999997011,599.9999999996699,599.9999999996353,599.9999999995972,599.999999999555,599.9999999995085,599.9999999994571,599.9999999994005,599.9999999993379,599.9999999992688,599.9999999991924,599.9999999991081,599.999999999015,599.9999999989122,599.9999999987988,599.9999999986736,599.9999999985355,599.999999998383,599.9999999982145,599.9999999980287,599.9999999978235,599.9999999975969,599.9999999973469,599.9999999970709,599.9999999967662,599.99999999643,599.9999999960588,599.9999999956492,599.9999999951971,599.9999999946981,599.9999999941475,599.9999999935397,599.9999999928691,599.999999992129,599.9999999913123,599.999999990411,599.9999999894166,599.9999999883191,599.9999999871083,599.9999999857722,599.999999984298,599.9999999826716,599.9999999808771,599.9999999788973,599.9999999767132,599.9999999743035,599.9999999716451,599.9999999687125,599.9999999654773,599.9999999619085,599.999999957972,599.9999999536298,599.9999999488401,599.9999999435572,599.9999999377303,599.9999999313036,599.9999999242156,599.9999999163983,599.9999999077771,599.9999998982696,599.9999998877848,599.9999998762227,599.9999998634728,599.9999998494138,599.9999998339116,599.9999998168184,599.9999997979717,599.999999777192,599.9999997542818,599.9999997290234,599.9999997011772,599.9999996704788,599.9999996366372,599.9999995993315,599.9999995582087,599.9999995128795,599.9999994629153,599.9999994078439,599.9999993471453,599.9999992802465,599.9999992065168,599.9999991252612,599.9999990357147,599.9999989370347,599.9999988282931,599.9999987084681,599.9999985764347,599.9999984309542,599.9999982706626,599.9999980940581,599.9999978994878,599.9999976851316,599.999997448986,599.9999971888458,599.9999969022834,599.999996586627,599.9999962389359,599.9999958559732,599.9999954341773,599.9999949696282,599.9999944580125,599.9999938945836,599.9999932741188,599.9999925908717,599.9999918385199,599.999991010108,599.999990097984,599.9999890937302,599.9999879880874,599.9999867708707,599.999985430878,599.9999839557889,599.9999823320536,599.9999805447712,599.9999785775559,599.9999764123897,599.9999740294614,599.9999714069888,599.9999685210244,599.9999653452412,599.9999618506982,599.9999580055829,599.9999537749279,599.9999491203007,599.9999439994625,599.9999383659945,599.9999321688869,599.9999253520883,599.999917854012,599.9999096069924,599.9999005366907,599.9998905614414,599.9998795915365,599.9998675284398,599.9998542639256,599.9998396791333,599.9998236435316,599.9998060137826,599.9997866324961,599.9997653268643,599.9997419071652,599.999716165122,599.9996878721051,599.9996567771623,599.9996226048595,599.9995850529157,599.9995437896113,599.9994984509501,599.9994486375501,599.9993939112384,599.9993337913223,599.9992677505072,599.9991952104261,599.9991155367469,599.9990280338154,599.9989319387943,599.9988264152473,599.9987105461207,599.9985833260629,599.9984436530234,599.9982903190643,599.9981220003099,599.9979372459572,599.9977344662602,599.9975119193933,599.9972676970924,599.9969997089613,599.996705665322,599.9963830584766,599.9960291422359,599.995640909559,599.9952150681316,599.9947480136989,599.9942358009491,599.9936741117297,599.9930582203559,599.9923829557529,599.9916426601484,599.9908311440106,599.989941636897,599.9889667338541,599.9878983369741,599.9867275916845,599.9854448173077,599.9840394313903,599.9824998672598,599.9808134842182,599.9789664697381,599.9769437329688,599.9747287888059,599.9723036317157,599.9696485984389,599.9667422186283,599.9635610523969,599.9600795136724,599.9562696781626,599.9521010746453,599.9475404581914,599.9425515638209,599.9370948389756,599.9311271530668,599.9246014822211,599.9174665672049,599.9096665423565,599.901140533188,599.89182222015,599.8816393658617,599.8705133029177,599.8583583791682,599.8450813571501,599.8305807641128,599.8147461888303,599.797457521129,599.7785841297866,599.7579839741612,599.7355026446046,599.7109723263932,599.6842106815697,599.6550196427395,599.6231841124996,599.588470561793,599.5506255200926,599.5093739499088,599.4644174976972,599.4154326128164,599.3620685257479,599.3039450763515,599.2406503824845,599.1717383388701,599.0967259356622,599.015090385726,598.9262660492406,598.829641143836,598.7245542281181,598.6102904461046,598.4860775198235,598.3510814771015,598.2044021014233,598.0450680906831,597.8720319116856,597.6841643374138,597.4802486543865,597.2589745278839,597.0189315134818,596.7586022041985,596.4763550036836,596.1704365172799,595.838963554517,595.4799147386891,595.0911217216712,594.6702600050995,594.2148393725222,593.7221939411952,593.1894718469055,592.6136245806246,591.9913960020141,591.3193110618839,590.5936642737507,589.8105079837338,588.9656404982579,588.0545941405161,587.0726233194671,586.0146927094231,584.8754656541196,583.6492929266602,582.3302019960006,580.9118869717677,579.3876994222961,577.7506402858813,575.9933531224415,574.108118982098,572.0868531986107,569.9211044491099,567.6020564570453,565.1205327525845,562.4670049435774,559.6316049903434,556.6041420184633,553.3741242448782,549.9307866331227,546.2631249324834,542.3599367920184,538.2098706721844,533.8014833023891,529.12330644983,524.1639237706733,518.9120585056022,513.3566727539447,507.4870790090986,501.293064557011,494.7650292221061,487.89413678310916,480.67248016499303,473.09326023133656,465.15097764029605,456.8416367713358,448.1629601603335,439.1146111759943,429.69842180535187,419.91862136097933,409.7820606429684,399.29842454474755,388.4804242369014,377.3439578433751,365.90822587725006,354.1957845562501,342.2325163875001,330.0474930000001,317.6727000000001,304.90168750000004,290.818125,274.5625,254.375,228.125,193.75,150.0,100.0,50.0,0.0
4,799.9999999999997,799.9999999999997,799.9999999999997,799.9999999999997,799.9999999999997,799.9999999999997,799.9999999999997,799.9999999999997,799.9999999999997,799.9999999999997,799.9999999999997,799.9999999999997,799.9999999999997,799.9999999999997,799.9999999999997,799.9999999999997,799.9999999999997,799.9999999999997,799.9999999999997,799.9999999999997,799.9999999999997,799.9999999999997,799.9999999999997,799.9999999999997,799.9999999999997,799.9999999999997,799.9999999999997,799.9999999999997,799.9999999999997,799.9999999999997,799.9999999999997,799.9999999999997,799.9999999999997,799.9999999999997,799.9999999999997,799.9999999999997,799.9999999999997,799.9999999999997,799.9999999999997,799.9999999999997,799.9999999999997,799.9999999999997,799.9999999999997,799.9999999999997,799.9999999999997,799.9999999999997,799.9999999999997,799.9999999999997,799.9999999999997,799.9999999999997,799.9999999999997,799.9999999999997,799.9999999999997,799.9999999999997,799.9999999999997,799.9999999999997,799.9999999999997,799.9999999999997,799.9999999999997,799.9999999999997,799.9999999999997,799.9999999999997,799.9999999999997,799.9999999999997,799.9999999999997,799.9999999999997,799.9999999999997,799.9999999999997,799.9999999999997,799.9999999999997,799.9999999999997,799.9999999999997,799.9999999999997,799.9999999999997,799.9999999999997,799.9999999999997,799.9999999999997,799.9999999999997,799.9999999999997,799.9999999999997,799.9999999999997,799.9999999999997,799.9999999999997,799.9999999999997,799.9999999999997,799.9999999999997,799.9999999999997,799.9999999999997,799.9999999999997,799.9999999999997,799.9999999999997,799.9999999999997,799.9999999999997,799.9999999999997,799.9999999999997,799.9999999999997,799.9999999999995,799.9999999999994,799.9999999999993,799.9999999999992,799.9999999999991,799.999999999999,799.9999999999989,799.9999999999987,799.9999999999986,799.9999999999984,799.9999999999982,799.999999999998,799.9999999999977,799.9999999999975,799.9999999999972,799.9999999999968,799.9999999999965,799.999999999996,799.9999999999956,799.9999999999951,799.9999999999945,799.9999999999939,799.9999999999932,799.9999999999924,799.9999999999915,799.9999999999906,799.9999999999895,799.9999999999884,799.9999999999873,799.999999999986,799.9999999999845,799.999999999983,799.9999999999811,799.9999999999792,799.999999999977,799.9999999999745,799.9999999999718,799.9999999999687,799.9999999999656,799.9999999999619,799.9999999999579,799.9999999999535,799.9999999999487,799.9999999999434,799.9999999999376,799.9999999999311,799.999999999924,799.9999999999161,799.9999999999075,799.9999999998979,799.9999999998875,799.9999999998759,799.9999999998631,799.999999999849,799.9999999998334,799.9999999998164,799.9999999997976,799.999999999777,799.9999999997542,799.9999999997292,799.9999999997015,799.9999999996711,799.9999999996376,799.9999999996006,799.9999999995599,799.999999999515,799.9999999994656,799.9999999994111,799.9999999993511,799.999999999285,799.9999999992123,799.9999999991321,799.9999999990439,799.9999999989467,799.9999999988396,799.9999999987217,799.9999999985919,799.9999999984489,799.9999999982914,799.999999998118,799.9999999979273,799.9999999977172,799.9999999974858,799.999999997231,799.9999999969505,799.9999999966417,799.9999999963018,799.9999999959275,799.9999999955155,799.9999999950619,799.9999999945626,799.999999994013,799.999999993408,799.9999999927421,799.9999999920092,799.9999999912025,799.9999999903146,799.9999999893375,799.9999999882622,799.9999999870788,799.9999999857765,799.9999999843435,799.9999999827666,799.9999999810314,799.9999999791221,799.9999999770214,799.99999997471,799.9999999721671,799.9999999693694,799.9999999662914,799.9999999629053,799.9999999591804,799.9999999550828,799.9999999505754,799.9999999456174,799.999999940164,799.9999999341658,799.9999999275688,799.999999920313,799.9999999123335,799.9999999035581,799.9999998939077,799.9999998832955,799.9999998716262,799.9999998587949,799.9999998446863,799.9999998291738,799.9999998121185,799.9999997933676,799.9999997727531,799.9999997500908,799.9999997251782,799.999999697793,799.9999996676909,799.9999996346035,799.9999995982363,799.9999995582656,799.9999995143363,799.9999994660582,799.9999994130026,799.9999993546995,799.9999992906324,799.9999992202344,799.9999991428829,799.9999990578946,799.9999989645196,799.9999988619345,799.9999987492358,799.9999986254317,799.9999984894337,799.9999983400472,799.9999981759615,799.9999979957382,799.9999977977989,799.9999975804119,799.9999973416773,799.9999970795105,799.9999967916251,799.9999964755126,799.9999961284217,799.9999957473343,799.9999953289404,799.9999948696098,799.9999943653617,799.9999938118301,799.9999932042283,799.9999925373073,799.9999918053123,799.9999910019343,799.9999901202565,799.9999891526968,799.9999880909445,799.99998692589,799.9999856475495,799.9999842449813,799.9999827061949,799.9999810180512,799.9999791661535,799.9999771347277,799.9999749064923,799.9999724625154,799.9999697820585,799.9999668424055,799.9999636186756,799.9999600836197,799.9999562073966,799.9999519573282,799.9999472976332,799.9999421891348,799.9999365889418,799.9999304500998,799.9999237212098,799.9999163460126,799.9999082629328,799.9998994045823,799.9998896972169,799.9998790601434,799.9998674050715,799.9998546354069,799.9998406454774,799.9998253196909,799.9998085316132,799.9997901429633,799.9997700025161,799.9997479449041,799.999723789311,799.9996973380458,799.9996683749862,799.9996366638815,799.9996019465016,799.999563940617,799.9995223377972,799.9994768010095,799.9994269620007,799.9993724184438,799.9993127308272,799.9992474190645,799.9991759588004,799.9990977773853,799.9990122494903,799.9989186923308,799.9988163604638,799.9987044401229,799.9985820430495,799.9984481997776,799.9983018523235,799.9981418462299,799.9979669219085,799.99777570522,799.9975666972264,799.9973382630449,799.9970886197258,799.9968158230719,799.9965177533077,799.996192099503,799.9958363426435,799.9954477372347,799.9950232913154,799.9945597447476,799.9940535456365,799.9935008247276,799.9928973676091,799.9922385845381,799.9915194776955,799.9907346056547,799.9898780448359,799.9889433476994,799.9879234974094,799.9868108586818,799.9855971245064,799.9842732584078,799.9828294318872,799.9812549566568,799.9795382112495,799.9776665615575,799.9756262748155,799.9734024265106,799.9709787996637,799.9683377758821,799.9654602175412,799.9623253404092,799.9589105759707,799.9551914226615,799.951141285163,799.9467313008465,799.9419301523964,799.9367038655678,799.931015590967,799.9248253686651,799.9180898743715,799.9107621458139,799.9027912878754,799.8941221549484,799.8846950088606,799.8744451506263,799.863302524162,799.8511912899894,799.8380293668282,799.8237279388504,799.8081909262341,799.7913144165187,799.7729860541139,799.7530843851658,799.7314781548296,799.7080255538305,799.6825734110365,799.6549563285887,799.6249957559629,799.5924989991582,799.5572581610251,799.5190490085624,799.4776297628305,799.4327398069381,799.3840983073848,799.3314027438532,799.2743273423757,799.2125214066272,799.1456075419379,799.0731797664722,798.9948015038817,798.9100034516284,798.8182813190755,798.7190934293735,798.6118581791294,798.4959513498394,798.3707032650993,798.2353957876888,798.0892591507551,797.9314686175157,797.7611409641622,797.5773307809784,797.3790265871152,797.1651467549777,796.9345352408103,796.6859571188037,796.4180939169305,796.1295387537309,795.818791276452,795.4842524022981,795.1242188660958,794.7368775794282,794.3202998082731,793.8724351784034,793.39110552029,792.873998568024,792.3186615298393,791.7224945512198,791.0827440953124,790.3964962694711,789.6606701312477,788.872011012031,788.0270839018474,787.1222669445772,786.1537450990282,785.1175040279547,784.0093242842084,782.8247758707761,781.559213259471,780.2077709615016,778.7653597520123,777.2266636599443,775.5861378441588,773.8380074866337,771.9762678436207,769.9946856058303,767.8868017288939,765.6459359053804,763.2651928593707,760.7374706538093,758.0554712093303,755.211713240738,752.1985478234866,749.0081768070108,745.6326742942013,742.0640114062367,738.2940845488805,734.3147473896341,730.1178467441923,725.695262554757,721.0389521211694,716.1409987176787,710.9936646925789,705.5894491039385,699.9211498912134,693.9819305185839,687.7653909503017,681.2656427300592,674.477387834286,667.3960008522972,660.017613913398,652.3392036315722,644.3586791716722,636.074970356791,627.4881145348851,618.5993407044169,609.4111491652397,599.9273847144768,590.1533011512954,580.0956145942179,569.7625428567602,559.1638278808118,548.3107380040869,537.2160466533928,525.8939839286593,514.3601574979156,502.63143929090853,490.7258146962352,478.6621913797338,466.46016550671516,454.13974413597515,441.7210239425001,429.22382831875007,416.2151402500001,402.38278750000006,387.09287500000005,369.2840625,347.75,320.9375,287.5,246.875,200.0,150.0,100.0,50.0,0.0
5,999.9999999999997,999.9999999999997,999.9999999999997,999.9999999999997,999.9999999999997,999.9999999999997,999.9999999999997,999.9999999999997,999.9999999999997,999.9999999999997,999.9999999999997,999.9999999999997,999.9999999999997,999.9999999999997,999.9999999999997,999.9999999999997,999.9999999999997,999.9999999999997,999.9999999999997,999.9999999999997,999.9999999999997,999.9999999999997,999.9999999999997,999.9999999999997,999.9999999999997,999.9999999999997,999.9999999999997,999.9999999999997,999.9999999999997,999.9999999999997,999.9999999999997,999.9999999999997,999.9999999999997,999.9999999999997,999.9999999999997,999.9999999999997,999.9999999999997,999.9999999999997,999.9999999999997,999.9999999999997,999.9999999999997,999.9999999999997,999.9999999999997,999.9999999999997,999.9999999999997,999.9999999999997,999.9999999999997,999.9999999999997,999.9999999999997,999.9999999999997,999.9999999999997,999.9999999999997,999.9999999999997,999.9999999999997,999.9999999999997,999.9999999999997,999.9999999999997,999.9999999999997,999.9999999999997,999.9999999999997,999.9999999999997,999.9999999999997,999.9999999999997,999.9999999999997,999.9999999999997,999.9999999999997,999.9999999999997,999.9999999999997,999.9999999999997,999.9999999999997,999.9999999999997,999.9999999999995,999.9999999999994,999.9999999999993,999.9999999999992,999.9999999999991,999.999999999999,999.9999999999989,999.9999999999987,999.9999999999986,999.9999999999984,999.9999999999982,999.999999999998,999.9999999999977,999.9999999999975,999.9999999999972,999.9999999999968,999.9999999999965,999.999999999996,999.9999999999956,999.9999999999951,999.9999999999945,999.999999999994,999.9999999999933,999.9999999999925,999.9999999999916,999.9999999999907,999.9999999999898,999.9999999999886,999.9999999999875,999.9999999999862,999.9999999999848,999.9999999999832,999.9999999999814,999.9999999999794,999.9999999999773,999.9999999999749,999.9999999999724,999.9999999999695,999.9999999999663,999.9999999999629,999.9999999999592,999.999999999955,999.9999999999503,999.9999999999453,999.9999999999397,999.9999999999337,999.999999999927,999.9999999999196,999.9999999999116,999.9999999999026,999.9999999998928,999.999999999882,999.9999999998702,999.9999999998571,999.9999999998427,999.9999999998269,999.9999999998095,999.9999999997902,999.9999999997692,999.9999999997461,999.9999999997207,999.9999999996928,999.9999999996622,999.9999999996285,999.9999999995914,999.9999999995507,999.9999999995059,999.9999999994567,999.9999999994026,999.9999999993431,999.9999999992776,999.9999999992058,999.9999999991269,999.9999999990401,999.9999999989449,999.9999999988402,999.999999998725,999.9999999985985,999.9999999984595,999.999999998307,999.9999999981393,999.999999997955,999.9999999977525,999.99999999753,999.9999999972856,999.9999999970172,999.9999999967223,999.9999999963984,999.9999999960426,999.9999999956517,999.9999999952224,999.999999994751,999.9999999942331,999.9999999936645,999.99999999304,999.9999999923542,999.999999991601,999.9999999907741,999.999999989866,999.9999999888689,999.9999999877741,999.9999999865722,999.9999999852525,999.9999999838037,999.9999999822131,999.9999999804671,999.9999999785505,999.9999999764466,999.9999999741372,999.9999999716023,999.9999999688201,999.9999999657666,999.9999999624154,999.9999999587376,999.9999999547016,999.9999999502726,999.9999999454125,999.9999999400795,999.9999999342281,999.999999927808,999.999999920764,999.9999999130362,999.9999999045582,999.9999998952578,999.9999998850553,999.999999873864,999.9999998615884,999.9999998481242,999.9999998333567,999.9999998171604,999.9999997993981,999.999999779919,999.999999758558,999.9999997351346,999.9999997094504,999.9999996812887,999.9999996504118,999.9999996165594,999.9999995794465,999.9999995387607,999.9999994941603,999.9999994452708,999.9999993916821,999.9999993329452,999.9999992685687,999.9999991980143,999.9999991206928,999.9999990359591,999.9999989431072,999.9999988413641,999.9999987298838,999.9999986077404,999.9999984739205,999.9999983273153,999.9999981667111,999.99999799078,999.9999977980691,999.9999975869887,999.9999973557996,999.9999971025991,999.9999968253061,999.999996521644,999.9999961891226,999.9999958250186,999.9999954263536,999.9999949898706,999.9999945120081,999.9999939888719,999.999993416204,999.9999927893496,999.9999921032195,999.9999913522511,999.9999905303639,999.999989630912,999.9999886466317,999.9999875695855,999.9999863910992,999.9999851016948,999.9999836910166,999.9999821477504,999.9999804595362,999.9999786128725,999.9999765930111,999.9999743838442,999.99997196778,999.9999693256073,999.999966436348,999.9999632770966,999.9999598228449,999.9999560462909,999.9999519176312,999.9999474043339,999.9999424708917,999.9999370785536,999.999931185031,999.9999247441792,999.9999177056498,999.9999100145119,999.999901610841,999.9998924292698,999.9998823985004,999.9998714407726,999.9998594712858,999.9998463975701,999.9998321188009,999.9998165250548,999.9997994964988,999.9997809025092,999.9997606007129,999.9997384359453,999.9997142391173,999.9996878259827,999.9996589957993,999.9996275298731,999.9995931899766,999.9995557166295,999.9995148272317,999.9994702140337,999.9994215419339,999.999368446084,999.9993105292914,999.9992473591967,999.9991784652107,999.9991033351888,999.9990214118234,999.998932088727,999.998834706184,999.9987285465419,999.9986128292113,999.9984867052455,999.9983492514604,999.9981994640619,999.9980362517371,999.9978584281655,999.9976647039059,999.9974536776048,999.9972238264722,999.9969734959681,999.9967008886312,999.9964040519853,999.9960808654473,999.9957290261564,999.9953460336403,999.9949291732241,999.9944754980835,999.9939818098337,999.9934446375414,999.9928602150325,999.9922244563639,999.9915329293179,999.9907808267618,999.9899629357097,999.9890736039098,999.9881067037642,999.9870555933795,999.9859130745278,999.9846713472836,999.9833219610848,999.9818557619489,999.980262835554,999.9785324458774,999.97665296906,999.9746118221426,999.9723953862976,999.9699889241489,999.9673764907511,999.9645408377669,999.9614633103479,999.9581237361981,999.9545003062585,999.9505694464166,999.9463056796073,999.9416814776293,999.9366671019568,999.9312304327847,999.9253367854932,999.9189487136715,999.9120257977842,999.9045244185102,999.896397513727,999.8875943180506,999.8780600837772,999.867735782012,999.8565577826931,999.8444575121543,999.8313610867926,999.8171889213284,999.8018553100691,999.785267979503,999.7673276104648,999.747927328028,999.7269521571902,999.7042784423262,999.6797732282885,999.6532936009459,999.6246859848494,999.5937853956243,999.5604146445883,999.5243834930025,999.4854877532665,999.443508334278,999.3982102280879,999.3493414348945,999.2966318233439,999.2397919230227,999.1785116459677,999.1124589339513,999.0412783282608,998.964589458642,998.8819854480655,998.7930312299575,998.697261774554,998.5941802210641,998.483255912387,998.363922329205,998.2355749203875,998.0975688267828,997.9492164956545,997.7897851832399,997.6184943431717,997.4345128988157,997.2369563979477,997.0248840486154,996.7972956355201,996.5531283168132,996.2912533018336,996.0104724110289,995.7095145201017,995.3870318913208,995.0415963959299,994.6716956326887,994.2757289487998,993.8520033708048,993.3987294545036,992.9140170645416,992.3958710960485,991.8421871525966,991.2507471967764,990.6192151918837,989.9451327555593,989.2259148487402,988.4588455259634,987.6410737759091,986.7696094840882,985.8413195527539,984.8529242164568,983.8009935951438,982.6819445303372,981.4920377536758,980.2273754409705,978.8838992088739,977.4573886152798,975.9434602286094,974.3375673351802,972.6350003578393,970.830888062929,968.9201996363826,966.8977477132498,964.7581924481633,962.4960467170754,960.1056825429494,957.5813388398574,954.9171305710114,952.1070594165125,949.1450260459013,946.0248440887854,942.7402558937438,939.2849501612004,935.6525815298203,931.8367921880414,927.831235572391,923.6296022020589,919.2256476845798,914.6132229102209,909.786306432542,904.7390390094091,899.4657602522893,893.9610473017648,888.2197554137163,882.2370603034361,876.0085020539423,869.5300303499765,862.7980507506192,855.8094716612705,848.5617516101706,841.0529463760031,833.281755451939,825.2475672683835,816.9505025325135,808.3914549785057,799.5721287594173,790.4950716515682,781.1637031868217,771.5823367795466,761.7561948757854,751.6914161251423,741.3950535644167,730.8750628097084,720.1402792846887,709.2003835713856,698.0658540609572,686.747906210566,675.2584178838183,663.6098404715517,651.815095762084,639.8874588600031,627.8404278439938,615.687581309616,603.4424254630555,591.1182330147378,578.72787676183,566.2836614357849,553.7971581086795,541.1341507106439,528.1285572853126,514.5360906281251,499.84835293750007,483.48156562500003,464.58034375,442.0678125,414.8515625,381.953125,342.96875,298.4375,250.0,200.0,150.0,100.0,50.0,0.0
6,1199.9999999999993,1199.9999999999993,1199.9999999999993,1199.9999999999993,1199.9999999999993,1199.9999999999993,1199.9999999999993,1199.9999999999993,1199.9999999999993,1199.9999999999993,1199.9999999999993,1199.9999999999993,1199.9999999999993,1199.9999999999993,1199.9999999999993,1199.9999999999993,1199.9999999999993,1199.9999999999993,1199.9999999999993,1199.9999999999993,1199.9999999999993,1199.9999999999993,1199.9999999999993,1199.9999999999993,1199.9999999999993,1199.9999999999993,1199.9999999999993,1199.9999999999993,1199.9999999999993,1199.9999999999993,1199.9999999999993,1199.9999999999993,1199.9999999999993,1199.9999999999993,1199.9999999999993,1199.9999999999993,1199.9999999999993,1199.9999999999993,1199.9999999999993,1199.9999999999993,1199.9999999999993,1199.9999999999993,1199.9999999999993,1199.9999999999993,1199.9999999999993,1199.9999999999993,1199.9999999999993,1199.9999999999993,1199.9999999999993,1199.9999999999993,1199.9999999999993,1199.9999999999993,1199.9999999999993,1199.9999999999993,1199.999999999999,1199.9999999999989,1199.9999999999986,1199.9999999999984,1199.9999999999982,1199.999999999998,1199.9999999999977,1199.9999999999975,1199.9999999999973,1199.999999999997,1199.9999999999966,1199.9999999999961,1199.9999999999957,1199.9999999999952,1199.9999999999945,1199.9999999999939,1199.9999999999932,1199.9999999999923,1199.9999999999914,1199.9999999999905,1199.9999999999893,1199.9999999999882,1199.9999999999868,1199.9999999999854,1199.999999999984,1199.9999999999825,1199.9999999999807,1199.9999999999786,1199.9999999999766,1199.999999999974,1199.9999999999714,1199.9999999999684,1199.999999999965,1199.9999999999616,1199.9999999999577,1199.9999999999534,1199.9999999999486,1199.9999999999434,1199.9999999999377,1199.9999999999316,1199.9999999999247,1199.9999999999172,1199.999999999909,1199.9999999999,1199.99999999989,1199.9999999998793,1199.9999999998674,1199.9999999998545,1199.99999999984,1199.999999999824,1199.9999999998067,1199.9999999997876,1199.9999999997667,1199.9999999997437,1199.9999999997185,1199.999999999691,1199.9999999996608,1199.9999999996276,1199.9999999995912,1199.9999999995514,1199.9999999995075,1199.9999999994595,1199.9999999994068,1199.9999999993488,1199.9999999992851,1199.9999999992156,1199.9999999991392,1199.9999999990553,1199.9999999989634,1199.9999999988627,1199.9999999987522,1199.999999998631,1199.999999998498,1199.9999999983522,1199.9999999981924,1199.999999998017,1199.999999997825,1199.9999999976144,1199.9999999973834,1199.99999999713,1199.9999999968522,1199.999999996548,1199.9999999962145,1199.9999999958486,1199.9999999954478,1199.9999999950082,1199.9999999945267,1199.999999993999,1199.9999999934203,1199.9999999927861,1199.9999999920913,1199.9999999913298,1199.9999999904953,1199.999999989581,1199.999999988579,1199.9999999874813,1199.9999999862785,1199.9999999849604,1199.9999999835163,1199.9999999819345,1199.9999999802014,1199.9999999783033,1199.999999976224,1199.9999999739462,1199.9999999714514,1199.9999999687188,1199.9999999657261,1199.9999999624488,1199.9999999588595,1199.9999999549289,1199.9999999506247,1199.999999945912,1199.9999999407516,1199.9999999351016,1199.999999928916,1199.9999999221436,1199.9999999147299,1199.9999999066138,1199.9999998977296,1199.9999998880048,1199.9999998773603,1199.9999998657102,1199.9999998529595,1199.9999998390049,1199.9999998237336,1199.999999807022,1199.9999997887353,1199.9999997687257,1199.9999997468321,1199.9999997228783,1199.9999996966717,1199.9999996680015,1199.9999996366378,1199.9999996023294,1199.9999995648016,1199.9999995237542,1199.9999994788593,1199.9999994297586,1199.9999993760612,1199.9999993173394,1199.9999992531261,1199.9999991829118,1199.9999991061393,1199.9999990222004,1199.999998930431,1199.9999988301058,1199.999998720433,1199.999998600548,1199.9999984695069,1199.999998326279,1199.9999981697395,1199.9999979986603,1199.9999978117016,1199.9999976074007,1199.999997384161,1199.99999714024,1199.9999968737377,1199.9999965825796,1199.999996264503,1199.9999959170384,1199.9999955374933,1199.9999951229295,1199.9999946701423,1199.9999941756366,1199.999993635601,1199.999993045878,1199.999992401935,1199.9999916988295,1199.9999909311725,1199.9999900930893,1199.9999891781754,1199.9999881794492,1199.9999870893012,1199.999985899438,1199.999984600821,1199.9999831836014,1199.999981637046,1199.9999799494615,1199.9999781081078,1199.9999760991063,1199.9999739073382,1199.9999715163365,1199.999968908166,1199.9999660632946,1199.9999629604526,1199.9999595764803,1199.9999558861614,1199.9999518620439,1199.999947474243,1199.9999426902295,1199.999937474598,1199.9999317888164,1199.9999255909531,1199.9999188353813,1199.9999114724576,1199.9999034481732,1199.9998947037757,1199.9998851753578,1199.9998747934117,1199.999863482345,1199.999851159956,1199.9998377368645,1199.9998231158932,1199.999807191398,1199.9997898485428,1199.9997709625093,1199.9997503976447,1199.999728006535,1199.9997036290017,1199.9996770910138,1199.9996482035094,1199.999616761118,1199.9995825407777,1199.9995453002364,1199.9995047764278,1199.9994606837151,1199.9994127119867,1199.9993605245963,1199.9993037561323,1199.999242010004,1199.99917485583,1199.999101826611,1199.9990224156727,1199.9989360733584,1199.9988422034528,1199.9987401593128,1199.998629239687,1199.9985086841946,1199.9983776684403,1199.9982352987338,1199.998080606385,1199.9979125415414,1199.9977299665316,1199.997531648676,1199.997316252525,1199.9970823314795,1199.9968283187457,1199.9965525175737,1199.9962530907267,1199.995928049117,1199.9955752395533,1199.9951923315234,1199.9947768029454,1199.9943259248075,1199.9938367446148,1199.9933060685485,1199.9927304422486,1199.9921061301138,1199.9914290930085,1199.990694964261,1199.989899023827,1199.989036170485,1199.988100891916,1199.987087232521,1199.9859887588045,1199.984798522157,1199.9835090188426,1199.9821121469977,1199.9805991604244,1199.9789606189559,1199.9771863351482,1199.9752653170442,1199.973185706734,1199.9709347144221,1199.9684985476877,1199.9658623356124,1199.9630100474228,1199.9599244052738,1199.9565867907809,1199.9529771448774,1199.9490738605568,1199.944853668021,1199.9402915117423,1199.9353604189043,1199.9300313586618,1199.9242730916299,1199.9180520089715,1199.9113319604262,1199.904074070578,1199.8962365426264,1199.887774448885,1199.8786395071888,1199.8687798423484,1199.8581397317464,1199.8466593341238,1199.83427440056,1199.8209159665935,1199.806510024391,1199.7909771738114,1199.774232251165,1199.7561839344103,1199.7367343234798,1199.7157784943672,1199.6932040255556,1199.6688904953078,1199.6427089482854,1199.6145213299028,1199.5841798867752,1199.5515265315528,1199.5163921703906,1199.4785959912458,1199.4379447111448,1199.3942317805172,1199.3472365426492,1199.2967233462691,1199.2424406092432,1199.1841198313296,1199.1214745539185,1199.0541992646658,1198.9819682449256,1198.9044343578853,1198.821227775323,1198.731954640931,1198.6361956681872,1198.5335046708092,1198.4234070238986,1198.305398053969,1198.1789413561569,1198.0434670370535,1197.8983698817376,1197.7430074437812,1197.5766980571987,1197.3987187695575,1197.208303195736,1197.0046392921222,1196.7868670513978,1196.5540761184348,1196.3053033282656,1196.0395301675667,1195.7556801616224,1195.452616189315,1195.129137729327,1194.7839780414313,1194.4158012875032,1194.0231995977088,1193.6046900882052,1193.1587118376533,1192.6836228308575,1192.1776968789584,1191.6391205267744,1191.065989959136,1190.456307919394,1189.8079806546784,1189.1188149039729,1188.3865149466253,1187.608679730548,1186.7828001010612,1185.9062561531025,1184.9763147313581,1183.990127104753,1182.9447268436693,1181.837027930239,1180.6638231340378,1179.4217826875313,1178.107453297615,1176.717257531585,1175.24749361781,1173.6943357032621,1172.0538346118508,1170.3219191491776,1168.494398000854,1166.566962272865,1164.5351887235772,1162.3945437378475,1160.1403880942376,1157.7679825765222,1155.2724944804722,1152.6490050662053,1149.892518005197,1146.9979688692622,1143.9602357063823,1140.7741507451094,1137.4345132653516,1133.9361036685705,1130.2736987747173,1126.4420883665566,1122.4360929942768,1118.2505830444243,1113.8804990671538,1109.3208733445028,1104.566852669835,1099.6137222947166,1094.4569309842645,1089.0921171054335,1083.5151356547926,1077.722086113123,1071.7093409936876,1065.4735749293873,1059.0117941213125,1052.3213659476162,1045.4000485073268,1038.2460198489696,1030.8579066089208,1023.2348117596575,1015.3763411438678,1007.2826284472179,998.9543582409715,990.392786706197,981.5997596346658,972.5777272884488,963.3297556914686,953.8595339227238,944.1713769834705,934.2702238203074,924.1616301038543,913.8517553895589,903.3473443241203,892.6557016090873,881.7846604932561,870.7425446384154,859.5381232894009,848.1805597798027,836.6793535192095,825.0442757364087,813.2852993949309,801.4125238516245,789.4360949938733,777.3661217641974,765.2125901590454,752.9852759674038,740.6936576891651,728.3468312366185,715.9534281673535,703.5215393143935,691.0586457593688,678.5715591256258,666.0248852365137,653.3218937111975,640.3601259866101,626.9230938645408,612.7120370184375,597.2955167515626,580.054942875,560.2615328125,537.0415,509.50265625,476.9375,439.0234375,396.09375,349.21875,300.0,250.0,200.0,150.0,100.0,50.0,0.0
7,1399.9999999999993,1399.9999999999993,1399.9999999999993,1399.9999999999993,1399.9999999999993,1399.9999999999993,1399.9999999999993,1399.9999999999993,1399.9999999999993,1399.9999999999993,1399.9999999999993,1399.9999999999993,1399.9999999999993,1399.9999999999993,1399.9999999999993,1399.9999999999993,1399.9999999999993,1399.9999999999993,1399.9999999999993,1399.9999999999993,1399.9999999999993,1399.9999999999993,1399.9999999999993,1399.9999999999993,1399.9999999999993,1399.9999999999993,1399.9999999999993,1399.9999999999993,1399.9999999999993,1399.9999999999993,1399.9999999999993,1399.999999999999,1399.9999999999989,1399.9999999999986,1399.9999999999984,1399.9999999999982,1399.999999999998,1399.9999999999977,1399.9999999999975,1399.9999999999973,1399.999999999997,1399.9999999999966,1399.9999999999961,1399.9999999999957,1399.9999999999952,1399.9999999999948,1399.999999999994,1399.9999999999934,1399.9999999999927,1399.9999999999918,1399.999999999991,1399.9999999999898,1399.9999999999886,1399.9999999999873,1399.999999999986,1399.9999999999845,1399.999999999983,1399.9999999999814,1399.9999999999795,1399.9999999999775,1399.9999999999752,1399.9999999999727,1399.99999999997,1399.9999999999668,1399.9999999999636,1399.99999999996,1399.999999999956,1399.9999999999513,1399.9999999999463,1399.999999999941,1399.9999999999352,1399.9999999999288,1399.999999999922,1399.9999999999143,1399.999999999906,1399.9999999998968,1399.9999999998868,1399.9999999998756,1399.9999999998636,1399.9999999998504,1399.999999999836,1399.9999999998201,1399.9999999998026,1399.9999999997835,1399.9999999997628,1399.99999999974,1399.999999999715,1399.9999999996876,1399.9999999996576,1399.9999999996248,1399.999999999589,1399.9999999995496,1399.9999999995064,1399.999999999459,1399.9999999994072,1399.9999999993504,1399.9999999992883,1399.9999999992203,1399.9999999991458,1399.9999999990641,1399.9999999989748,1399.999999998877,1399.99999999877,1399.9999999986526,1399.9999999985243,1399.9999999983838,1399.99999999823,1399.9999999980616,1399.9999999978775,1399.999999997676,1399.9999999974555,1399.9999999972142,1399.99999999695,1399.9999999966608,1399.9999999963443,1399.9999999959982,1399.9999999956194,1399.999999995205,1399.9999999947513,1399.9999999942552,1399.9999999937122,1399.9999999931183,1399.999999992469,1399.9999999917584,1399.9999999909812,1399.999999990131,1399.9999999892016,1399.9999999881848,1399.9999999870727,1399.9999999858564,1399.9999999845268,1399.9999999830725,1399.9999999814825,1399.9999999797437,1399.9999999778427,1399.9999999757642,1399.999999973492,1399.999999971008,1399.9999999682925,1399.999999965324,1399.999999962079,1399.9999999585323,1399.9999999546558,1399.9999999504191,1399.9999999457887,1399.9999999407285,1399.9999999351987,1399.999999929156,1399.9999999225533,1399.9999999153392,1399.999999907457,1399.9999998988455,1399.9999998894375,1399.99999987916,1399.999999867933,1399.9999998556696,1399.9999998422745,1399.9999998276442,1399.9999998116655,1399.999999794215,1399.9999997751581,1399.999999754348,1399.9999997316245,1399.999999706813,1399.9999996797226,1399.9999996501458,1399.9999996178562,1399.9999995826065,1399.9999995441276,1399.9999995021255,1399.9999994562806,1399.9999994062437,1399.999999351634,1399.999999292037,1399.9999992270011,1399.9999991560333,1399.9999990785968,1399.9999989941068,1399.9999989019261,1399.9999988013599,1399.9999986916514,1399.9999985719764,1399.9999984414367,1399.9999982990541,1399.9999981437632,1399.9999979744032,1399.9999977897103,1399.999997588308,1399.9999973686974,1399.9999971292466,1399.9999968681784,1399.9999965835584,1399.9999962732802,1399.9999959350512,1399.999995566376,1399.9999951645384,1399.9999947265826,1399.9999942492918,1399.999993729165,1399.9999931623938,1399.9999925448337,1399.9999918719766,1399.9999911389177,1399.9999903403218,1399.9999894703865,1399.9999885228005,1399.9999874907005,1399.9999863666226,1399.9999851424516,1399.999983809364,1399.999982357767,1399.9999807772322,1399.9999790564243,1399.9999771830228,1399.9999751436371,1399.9999729237156,1399.9999705074458,1399.999967877647,1399.999965015652,1399.9999619011824,1399.9999585122098,1399.9999548248074,1399.999950812989,1399.9999464485334,1399.9999417007955,1399.9999365365006,1399.9999309195227,1399.9999248106433,1399.9999181672904,1399.9999109432556,1399.9999030883898,1399.9998945482707,1399.9998852638444,1399.9998751710373,1399.9998642003372,1399.9998522763374,1399.9998393172452,1399.999825234351,1399.9998099314507,1399.9997933042252,1399.9997752395655,1399.9997556148455,1399.9997342971346,1399.9997111423463,1399.999685994318,1399.9996586838183,1399.99962902747,1399.999596826591,1399.999561865939,1399.9995239123573,1399.9994827133107,1399.9994379953055,1399.9993894621825,1399.9993367932757,1399.9992796414222,1399.9992176308176,1399.999150354698,1399.9990773728425,1399.9989982088757,1399.9989123473608,1399.9988192306625,1399.9987182555656,1399.9986087696284,1399.998490067252,1399.9983613854458,1399.99822189926,1399.998070716869,1399.9979068742728,1399.9977293295888,1399.9975369569079,1399.9973285396768,1399.9971027635747,1399.9968582088459,1399.9965933420506,1399.996306507186,1399.9959959161388,1399.9956596384127,1399.9952955900853,1399.9949015219333,1399.994475006669,1399.9940134252224,1399.9935139520035,1399.992973539066,1399.992388899103,1399.9917564871826,1399.9910724811425,1399.9903327605437,1399.9895328840844,1399.9886680653688,1399.987733146912,1399.986722572264,1399.9856303561185,1399.9844500522731,1399.9831747192902,1399.9817968837056,1399.9803085006147,1399.9787009114666,1399.976964798873,1399.975090138235,1399.9730661459776,1399.9708812241697,1399.9685229012869,1399.9659777688732,1399.9632314138303,1399.960268346053,1399.9570719211163,1399.953624257694,1399.9499061493798,1399.9458969705547,1399.9415745759322,1399.9369151933865,1399.931893309652,1399.926481548455,1399.9206505406216,1399.9143687856742,1399.907602504411,1399.9003154819306,1399.8924689005426,1399.8840211619708,1399.874927698233,1399.8651407705452,1399.854609255575,1399.8432784183299,1399.8310896709356,1399.817980316533,1399.8038832774787,1399.7887268070049,1399.7724341834605,1399.7549233862158,1399.7361067522806,1399.715890612648,1399.6941749073392,1399.6708527780904,1399.6458101375863,1399.6189252141087,1399.590068070433,1399.5591000957759,1399.525873469557,1399.4902305957162,1399.4520035062892,1399.411013232922,1399.3670691449809,1399.3199682528884,1399.269494475302,1399.2154178687344,1399.157493818207,1399.0954621875226,1399.029046427741,1398.957952642456,1398.8818686084746,1398.800462750538,1398.713383068734,1398.6202560173097,1398.5206853336338,1398.4142508161215,1398.3005070500078,1398.178982079951,1398.0491760285402,1397.9105596599036,1397.7625728877547,1397.6046232273575,1397.436084191073,1397.2562936273403,1397.0645520031642,1396.8601206304174,1396.642219836539,1396.4100270804952,1396.162675015196,1395.8992494979059,1395.6187875505732,1395.320275272418,1395.002645707558,1394.6647766709475,1394.3054885364154,1393.9235419911524,1393.5176357615917,1393.0864043162621,1392.628415551876,1392.1421684696265,1391.6260908494296,1391.0785369306514,1390.4977851086942,1389.8820356577085,1389.2294084906066,1388.5379409685277,1387.8055857728832,1387.0302088541557,1386.2095874726726,1385.3414083476684,1384.4232659320533,1383.452660831431,1382.4269983870504,1381.343587443505,1380.1996393231416,1378.9922670302533,1377.7184847092376,1376.3752073819664,1374.9592509906324,1373.4673327732999,1371.8960720002724,1370.2419911001846,1368.501517205416,1366.6709841469778,1364.7466349294473,1362.724624716756,1360.601024359702,1358.3718244958868,1356.0329402523707,1353.5802165806767,1351.0094342527982,1348.3163165455746,1345.4965366391648,1342.545725753311,1339.4594820426591,1336.2333802695264,1332.8629822691553,1329.3438482186639,1325.6715487165322,1321.841677674565,1317.849866018792,1313.6917961897163,1309.363217425662,1304.8599618057137,1300.177961020875,1295.3132638335965,1290.2620541767615,1285.0206698335846,1279.5856216296972,1273.9536130580284,1268.1215602459697,1262.0866121628242,1255.8461709537576,1249.3979122744913,1242.7398054889345,1235.8701335799453,1228.7875126116373,1221.4909105702343,1213.9796653996566,1206.2535020379746,1198.3125482518471,1190.1573490583094,1181.7888795170784,1173.2085556721634,1164.418243419335,1155.420265076225,1146.2174034348086,1136.8129030821294,1127.2104687846263,1117.4142607447106,1107.4288865555432,1097.2593897016066,1086.9112344788743,1076.390287239342,1065.702793900552,1054.8553537015612,1043.8548892325432,1032.7086128157734,1021.4239893708252,1010.0086959560441,998.4705782412091,986.8176042319967,975.0578156345422,963.1992773169072,951.2500253922952,939.2180145148391,927.1110650409541,914.9368107655924,902.7026479910572,890.4156867239601,878.0827048208862,865.7101059127765,853.3038819292852,840.8695810148674,828.4122815756966,815.9365731186444,803.4465444388695,790.9396607103854,778.3577821063773,765.6569184533857,752.7422777811457,739.4596703257778,725.5974469403582,710.8347678941063,694.7464419236719,676.7808468289063,656.26617690625,632.4774109375,604.6932890625001,572.345078125,535.1875,493.4375,447.8515625,399.609375,350.0,300.0,250.0,200.0,150.0,100.0,50.0,0.0
8,1599.9999999999993,1599.9999999999993,1599.9999999999993,1599.9999999999993,1599.9999999999993,1599.9999999999993,1599.9999999999993,1599.9999999999993,1599.9999999999993,1599.999999999999,1599.9999999999989,1599.9999999999986,1599.9999999999984,1599.9999999999982,1599.999999999998,1599.9999999999977,1599.9999999999975,1599.9999999999973,1599.999999999997,1599.9999999999966,1599.9999999999961,1599.9999999999957,1599.9999999999952,1599.9999999999948,1599.999999999994,1599.9999999999934,1599.9999999999927,1599.9999999999918,1599.999999999991,1599.9999999999898,1599.9999999999886,1599.9999999999873,1599.9999999999861,1599.9999999999848,1599.9999999999834,1599.9999999999818,1599.99999999998,1599.999999999978,1599.9999999999757,1599.9999999999732,1599.9999999999704,1599.9999999999673,1599.999999999964,1599.9999999999604,1599.9999999999566,1599.9999999999523,1599.9999999999477,1599.9999999999427,1599.999999999937,1599.999999999931,1599.9999999999245,1599.9999999999175,1599.9999999999095,1599.9999999999009,1599.9999999998913,1599.9999999998809,1599.9999999998697,1599.9999999998572,1599.9999999998436,1599.9999999998288,1599.9999999998124,1599.9999999997945,1599.999999999775,1599.9999999997538,1599.9999999997303,1599.9999999997049,1599.999999999677,1599.9999999996462,1599.999999999613,1599.9999999995766,1599.9999999995368,1599.9999999994932,1599.9999999994454,1599.9999999993934,1599.9999999993363,1599.999999999274,1599.999999999206,1599.9999999991317,1599.9999999990503,1599.9999999989614,1599.999999998864,1599.9999999987576,1599.9999999986414,1599.9999999985146,1599.9999999983759,1599.9999999982242,1599.9999999980585,1599.9999999978772,1599.9999999976794,1599.9999999974632,1599.999999997227,1599.9999999969689,1599.999999996687,1599.9999999963788,1599.9999999960423,1599.999999995675,1599.9999999952734,1599.9999999948348,1599.999999994356,1599.999999993833,1599.9999999932616,1599.9999999926376,1599.9999999919562,1599.9999999912122,1599.9999999903998,1599.9999999895126,1599.999999988544,1599.9999999874863,1599.9999999863319,1599.9999999850713,1599.9999999836953,1599.999999982193,1599.9999999805532,1599.9999999787635,1599.9999999768102,1599.999999974678,1599.9999999723514,1599.999999969812,1599.9999999670408,1599.999999964017,1599.9999999607173,1599.9999999571173,1599.9999999531892,1599.9999999489037,1599.9999999442284,1599.999999939128,1599.9999999335641,1599.999999927495,1599.9999999208756,1599.9999999136553,1599.9999999057807,1599.9999998971928,1599.9999998878272,1599.9999998776143,1599.9999998664778,1599.9999998543349,1599.9999998410951,1599.9999998266603,1599.9999998109233,1599.9999997937678,1599.9999997750665,1599.9999997546815,1599.9999997324624,1599.999999708245,1599.999999681851,1599.999999653087,1599.9999996217412,1599.9999995875837,1599.9999995503647,1599.999999509812,1599.9999994656291,1599.9999994174939,1599.9999993650556,1599.999999307933,1599.9999992457108,1599.9999991779375,1599.9999991041223,1599.9999990237309,1599.9999989361825,1599.9999988408454,1599.9999987370327,1599.9999986239977,1599.999998500928,1599.9999983669409,1599.999998221076,1599.9999980622904,1599.9999978894498,1599.9999977013213,1599.999997496565,1599.9999972737246,1599.9999970312183,1599.9999967673266,1599.9999964801812,1599.9999961677527,1599.9999958278363,1599.9999954580367,1599.9999950557522,1599.9999946181572,1599.999994142183,1599.9999936244967,1599.9999930614795,1599.999992449202,1599.999991783398,1599.999991059436,1599.9999902722886,1599.9999894164982,1599.9999884861413,1599.9999874747894,1599.999986375466,1599.9999851806017,1599.9999838819822,1599.9999824706958,1599.9999809370754,1599.9999792706335,1599.9999774599955,1599.999975492824,1599.9999733557397,1599.9999710342338,1599.9999685125747,1599.9999657737058,1599.999962799136,1599.9999595688205,1599.9999560610318,1599.9999522522216,1599.99994811687,1599.9999436273222,1599.9999387536134,1599.9999334632791,1599.9999277211489,1599.999921489125,1599.9999147259425,1599.9999073869103,1599.999899423631,1599.9998907836987,1599.9998814103722,1599.999871242223,1599.9998602127537,1599.9998482499877,1599.999835276025,1599.999821206563,1599.9998059503798,1599.9997894087767,1599.9997714749752,1599.9997520334687,1599.9997309593211,1599.9997081174122,1599.999683361622,1599.999656533953,1599.999627463582,1599.9995959658404,1599.9995618411126,1599.9995248736504,1599.9994848302956,1599.999441459102,1599.9993944878536,1599.9993436224665,1599.9992885452689,1599.9992289131485,1599.9991643555593,1599.999094472374,1599.999018831575,1599.9989369667674,1599.9988483745042,1599.9987525114107,1599.9986487910876,1599.998536580784,1599.9984151978188,1599.998283905733,1599.9981419101546,1599.9979883543544,1599.9978223144703,1599.9976427943777,1599.9974487201773,1599.9972389342774,1599.9970121890392,1599.9967671399527,1599.9965023383143,1599.9962162233667,1599.9959071138655,1599.9955731990326,1599.9952125288517,1599.9948230036612,1599.994402362998,1599.9939481736362,1599.9934578167683,1599.9929284742693,1599.9923571139805,1599.9917404739479,1599.9910750455433,1599.9903570553918,1599.9895824460266,1599.9887468551879,1599.9878455936703,1599.986873621628,1599.9858255232325,1599.9846954795764,1599.9834772397057,1599.9821640896635,1599.980748819411,1599.9792236874932,1599.9775803833008,1599.9758099867784,1599.973902925413,1599.9718489283366,1599.9696369773537,1599.9672552547104,1599.9646910873955,1599.9619308877634,1599.9589600902516,1599.955763083956,1599.9523231408107,1599.9486223391098,1599.9446414820916,1599.9403600112917,1599.9357559143568,1599.930805626995,1599.92548392872,1599.9197638320363,1599.913616464681,1599.9070109445368,1599.8999142467997,1599.8922910629678,1599.8841036512006,1599.875311677575,1599.865872047744,1599.8557387284802,1599.8448625585675,1599.8331910484771,1599.8206681682461,1599.8072341229476,1599.792825115121,1599.7773730935066,1599.7608054874013,1599.7430449259323,1599.7240089415166,1599.7036096567504,1599.6817534539525,1599.6583406265536,1599.6332650115073,1599.606413601871,1599.577666138685,1599.5468946812528,1599.513963154911,1599.4787268753525,1599.4410320485545,1599.4007152453405,1599.3576028496,1599.311510479171,1599.2622423783882,1599.209590781289,1599.1533352444712,1599.0932419485969,1599.029062967542,1598.9605355042038,1598.8873810919922,1598.8093047610544,1598.7259941683076,1598.637118690391,1598.5423284786882,1598.4412534756214,1598.3335023914767,1598.2186616410875,1598.0962942397762,1597.965938658051,1597.8271076346418,1597.6792869475792,1597.521934143141,1597.3544772226298,1597.1763132870935,1596.9868071402732,1596.7852898502438,1596.5710572704115,1596.3433685207563,1596.1014444304367,1595.8444659431382,1595.5715724868194,1595.2818603098046,1594.9743807855007,1594.6481386883447,1594.3020904439659,1593.9351423569224,1593.5461488197946,1593.133910507845,1592.6971725639207,1592.2346227787543,1591.7448897723336,1591.226541182538,1590.6780818677983,1590.0979521311194,1589.4845259734025,1588.836109384623,1588.1509386820746,1587.427178905533,1586.6629222798795,1585.8561867564047,1585.0049146447172,1584.106971347879,1583.1601442141014,1582.162141519043,1581.1105915934445,1580.0030421115325,1578.8369595562924,1577.6097288783574,1576.318653365885,1574.9609547433693,1573.5337735178678,1572.0341695916136,1570.459123160385,1568.8055359173534,1567.0702325823868,1565.2499627769373,1563.3414032647024,1561.3411605781687,1559.2457740509494,1557.0517192754712,1554.7554120050527,1552.353212518729,1549.8414304662952,1547.2163302099611,1544.4741366777043,1541.6110417418731,1538.623211134813,1535.506791911239,1532.2579204647714,1528.8727311034395,1525.3473651860768,1521.67798081832,1517.8607631034254,1513.8919349392863,1509.767768348896,1505.4845963270427,1501.0388251812515,1496.4269473399115,1491.6455545951617,1486.6913517424546,1481.561170572821,1476.2519841677274,1470.7609214400825,1465.0852818584733,1459.2225502851045,1453.1704118512587,1446.926766787436,1440.4897451187385,1433.8577211296122,1427.0293274958362,1420.0034689757333,1412.7793355470833,1405.3564148712373,1397.7345039615939,1389.9137199299964,1381.8945096819043,1373.6776584294762,1365.2642968911412,1356.6559070469418,1347.8543263210527,1338.8617500665432,1329.6807322327995,1320.3141841031488,1310.7653709992792,1301.0379068601048,1291.13574661586,1281.0631762935025,1270.8248008069845,1260.425529405612,1249.870558775544,1239.1653538134033,1228.315626116878,1217.327310264906,1206.206537989372,1194.9596103709086,1183.5929682230535,1172.1131608612957,1160.526813485957,1148.8405934398909,1137.0611756330386,1125.195207455316,1113.2492735263763,1101.2298606547708,1089.1433233990738,1076.9958506388366,1064.7934335729299,1052.541835566084,1040.246564260437,1027.9128463568973,1015.5456054504593,1003.1494432737377,990.7286246635316,978.2870665160287,965.8283309373696,953.35562272809,940.8717912631248,928.3793367446626,915.8804207146399,903.3485598535831,890.7605465885217,878.0745487381739,865.2094367659624,852.0610914255476,838.4652643977093,824.188251014273,808.9168317027681,792.2362164651781,773.63766503625,752.5288881488282,728.27692946875,700.28768203125,668.097953125,631.5026171874999,590.66015625,546.1328125,498.828125,449.8046875,400.0,350.0,300.0,250.0,200.0,150.0,100.0,50.0,0.0
9,1799.9999999999957,1799.9999999999952,1799.9999999999948,1799.999999999994,1799.9999999999934,1799.9999999999927,1799.9999999999918,1799.999999999991,1799.9999999999898,1799.9999999999886,1799.9999999999873,1799.999999999986,1799.9999999999845,1799.999999999983,1799.9999999999814,1799.9999999999795,1799.9999999999775,1799.9999999999752,1799.9999999999727,1799.99999999997,1799.999999999967,1799.9999999999638,1799.9999999999602,1799.9999999999563,1799.9999999999523,1799.9999999999477,1799.9999999999427,1799.9999999999372,1799.9999999999313,1799.9999999999247,1799.9999999999177,1799.99999999991,1799.9999999999013,1799.999999999892,1799.9999999998818,1799.9999999998706,1799.9999999998586,1799.9999999998454,1799.9999999998308,1799.999999999815,1799.9999999997976,1799.9999999997788,1799.9999999997583,1799.9999999997358,1799.9999999997112,1799.9999999996844,1799.999999999655,1799.999999999623,1799.9999999995882,1799.99999999955,1799.9999999995084,1799.999999999463,1799.9999999994134,1799.999999999359,1799.9999999993,1799.9999999992351,1799.9999999991644,1799.9999999990875,1799.9999999990036,1799.9999999989118,1799.9999999988117,1799.9999999987024,1799.9999999985832,1799.999999998453,1799.999999998311,1799.9999999981562,1799.9999999979873,1799.9999999978031,1799.999999997602,1799.9999999973825,1799.999999997143,1799.999999996882,1799.9999999965971,1799.9999999962865,1799.9999999959477,1799.999999995578,1799.999999995175,1799.9999999947352,1799.9999999942556,1799.9999999937327,1799.9999999931626,1799.9999999925408,1799.9999999918628,1799.9999999911236,1799.9999999903175,1799.999999989439,1799.9999999884812,1799.9999999874371,1799.999999986299,1799.9999999850584,1799.9999999837062,1799.9999999822326,1799.9999999806264,1799.999999978876,1799.9999999769684,1799.9999999748898,1799.999999972625,1799.9999999701572,1799.9999999674683,1799.9999999645388,1799.9999999613472,1799.9999999578704,1799.999999954083,1799.9999999499576,1799.999999945464,1799.9999999405695,1799.999999935239,1799.9999999294334,1799.9999999231113,1799.999999916227,1799.9999999087304,1799.9999999005677,1799.9999998916803,1799.9999998820044,1799.9999998714704,1799.999999860003,1799.9999998475198,1799.9999998339317,1799.9999998191415,1799.9999998030444,1799.9999997855252,1799.9999997664595,1799.9999997457119,1799.9999997231348,1799.9999996985687,1799.9999996718398,1799.9999996427593,1799.9999996111221,1799.999999576705,1799.9999995392661,1799.9999994985421,1799.9999994542475,1799.999999406072,1799.9999993536785,1799.999999296701,1799.9999992347416,1799.999999167369,1799.9999990941142,1799.9999990144688,1799.9999989278801,1799.9999988337484,1799.9999987314225,1799.9999986201956,1799.999998499301,1799.9999983679065,1799.9999982251086,1799.9999980699272,1799.9999979012985,1799.999997718069,1799.9999975189862,1799.9999973026925,1799.9999970677145,1799.9999968124546,1799.9999965351792,1799.999996234009,1799.9999959069057,1799.9999955516594,1799.9999951658738,1799.9999947469505,1799.9999942920733,1799.9999937981888,1799.9999932619878,1799.9999926798835,1799.9999920479881,1799.9999913620895,1799.9999906176229,1799.999989809642,1799.999988932789,1799.999987981258,1799.999986948762,1799.999985828489,1799.9999846130625,1799.9999832944936,1799.9999818641315,1799.9999803126088,1799.9999786297833,1799.9999768046755,1799.9999748254,1799.9999726790907,1799.9999703518233,1799.999967828528,1799.9999650928976,1799.9999621272864,1799.999958912603,1799.9999554281935,1799.999951651715,1799.999947559001,1799.9999431239132,1799.999938318185,1799.9999331112497,1799.9999274700572,1799.999921358875,1799.999914739075,1799.9999075689018,1799.9998998032247,1799.999891393269,1799.9998822863276,1799.9998724254492,1799.999861749102,1799.9998501908124,1799.9998376787764,1799.9998241354383,1799.9998094770392,1799.99979361313,1799.9997764460477,1799.9997578703505,1799.9997377722102,1799.999716028758,1799.9996925073813,1799.9996670649653,1799.999639547079,1799.9996097870974,1799.9995776052604,1799.9995428076559,1799.9995051851317,1799.9994645121214,1799.9994205453845,1799.9993730226506,1799.9993216611645,1799.99926615612,1799.9992061789799,1799.9991413756693,1799.9990713646353,1799.9989957347648,1799.9989140431474,1799.9988258126734,1799.998730529457,1799.9986276400684,1799.9985165485668,1799.998396613314,1799.9982671435587,1799.9981273957706,1799.9979765697121,1799.9978138042245,1799.9976381727101,1799.9974486782928,1799.997244248629,1799.997023730349,1799.9967858831033,1799.9965293731843,1799.9962527666964,1799.9959545222441,1799.995632983104,1799.9952863688477,1799.9949127663765,1799.9945101203314,1799.9940762228325,1799.99360870251,1799.9931050127718,1799.9925624192624,1799.9919779864615,1799.9913485633597,1799.9906707681575,1799.9899409719221,1799.9891552811312,1799.9883095190398,1799.987399205787,1799.986419537167,1799.985365361978,1799.9842311578607,1799.9830110055282,1799.981698561291,1799.980287027768,1799.9787691226716,1799.9771370455499,1799.9753824423588,1799.973496367734,1799.9714692448215,1799.969290822519,1799.9669501299775,1799.9644354281943,1799.9617341585283,1799.9588328879568,1799.9557172508821,1799.9523718872874,1799.948780377033,1799.9449251700692,1799.9407875123366,1799.936347367106,1799.9315833315072,1799.9264725479745,1799.9209906103295,1799.915111464209,1799.9088073015282,1799.9020484486584,1799.894803247986,1799.887037932496,1799.8787164930218,1799.8698005377742,1799.860249143754,1799.8500186996364,1799.839062739695,1799.8273317683177,1799.8147730746539,1799.801330536909,1799.7869444157884,1799.7715511365736,1799.7550830593,1799.7374682364798,1799.7186301578067,1799.6984874812517,1799.67695374995,1799.6539370942555,1799.6293399183312,1799.6030585706185,1799.5749829975227,1799.5449963796286,1799.5129747497563,1799.4787865921462,1799.442292422057,1799.4033443450498,1799.3617855952214,1799.317450051646,1799.2701617322805,1799.2197342645875,1799.1659703321247,1799.108661096366,1799.0475855930117,1798.9825101020676,1798.9131874909783,1798.8393565301221,1798.7607411799966,1798.6770498494504,1798.5879746243502,1798.493190466105,1798.3923543795233,1798.2851045495147,1798.1710594462195,1798.0498168982008,1797.920953133413,1797.7840217877397,1797.6385528809778,1797.4840517602483,1797.3199980109198,1797.145844335245,1796.9610153990438,1796.7649066469035,1796.556883086516,1796.3362780429413,1796.1023918837548,1795.85449071623,1795.5918050579123,1795.3135284821496,1795.0188162403829,1794.706783863243,1794.3765057427609,1794.027013698274,1793.6572955289012,1793.2662935557687,1792.8529031574903,1792.41597130274,1791.9542950841098,1791.4666202578157,1790.9516397941911,1790.407992444308,1789.8342613284735,1789.2289725527698,1788.590593860244,1787.9175333237886,1787.2081380882132,1786.4606931694677,1785.6734203194314,1784.8444769651633,1783.971955231968,1783.0538810601029,1782.0882134254107,1781.0728436746188,1780.0055949864877,1778.8842219704175,1777.7064104145302,1776.469777195631,1775.171870363804,1773.810169414723,1772.382085763039,1770.8849634304427,1769.3160799621899,1767.6726475860023,1765.9518146273244,1764.1506671949112,1762.2662311506297,1760.2954743771961,1758.2353093572965,1756.0825960771786,1753.8341452673221,1751.4867219922057,1749.0370496004655,1746.4818140458935,1743.8176685887277,1741.0412388855468,1738.1491284747867,1735.1379246634365,1732.0042048188511,1728.7445430678158,1725.3555174030232,1721.8337171949734,1718.1757511049643,1714.3782553923238,1710.437902606327,1706.3514106503676,1702.1155522028857,1697.7271644763316,1693.1831592920557,1688.4805334454798,1683.616379332225,1678.58789580209,1673.3923992038694,1668.0273345800415,1662.490286966332,1656.778992747115,1650.8913510135837,1644.825434867644,1638.5795026105764,1632.1520087517613,1625.5416147691612,1618.7471995499066,1611.7678694362494,1604.6029677994184,1597.2520840615666,1589.7150620841326,1581.9920078395799,1574.0832962827267,1565.989577337759,1557.7117809176502,1549.251120894099,1540.6090979383503,1531.7875011564188,1522.7884084463449,1513.6141855102458,1504.267483460096,1494.7512349634403,1485.068648883611,1475.2232033785149,1465.2186374326675,1455.0589408088592,1444.7483424186155,1434.2912971244011,1423.6924710012456,1412.9567251010342,1402.0890977790068,1391.0947856588846,1379.9791233303317,1368.7475618899794,1357.4056464547566,1345.9589927935506,1334.4132632399956,1322.7741420651726,1311.0473105038718,1299.2384216415346,1287.3530753806638,1275.396793715081,1263.3749965475283,1251.292978290443,1239.1558854909413,1226.9686957188358,1214.7361979505908,1202.4629746722878,1190.1533859107224,1177.8115553836058,1165.4413589374426,1153.0464154150654,1140.6300800641916,1128.1954405639813,1115.7453157088196,1103.282256747922,1090.808551336529,1078.3262300101724,1065.8370750486881,1053.342631552317,1040.8442205095334,1028.3328182909768,1015.7938453188287,1003.2083538929949,990.5362870713499,977.7240142891167,964.6874819897115,951.3004152412491,937.3913937165356,922.7216960075236,906.978127617338,889.7680042204032,870.6191767380383,849.0021370108984,824.3666089855469,796.2043298222657,764.1317301757813,727.9757783203124,687.853603515625,644.20458984375,597.7490234375,549.365234375,499.90234375,450.0,400.0,350.0,300.0,250.0,200.0,150.0,100.0,50.0,0.0
10,1999.9999999999661,1999.9999999999627,1999.999999999959,1999.999999999955,1999.9999999999507,1999.9999999999459,1999.9999999999407,1999.999999999935,1999.9999999999288,1999.9999999999222,1999.9999999999147,1999.9999999999068,1999.9999999998981,1999.9999999998886,1999.9999999998781,1999.9999999998668,1999.9999999998545,1999.999999999841,1999.9999999998265,1999.9999999998104,1999.999999999793,1999.999999999774,1999.999999999753,1999.9999999997303,1999.9999999997056,1999.9999999996787,1999.9999999996494,1999.9999999996176,1999.9999999995825,1999.9999999995446,1999.999999999503,1999.9999999994575,1999.999999999408,1999.999999999354,1999.9999999992954,1999.9999999992315,1999.9999999991617,1999.9999999990857,1999.9999999990027,1999.9999999989122,1999.9999999988138,1999.9999999987065,1999.9999999985896,1999.9999999984623,1999.9999999983233,1999.9999999981721,1999.9999999980073,1999.9999999978277,1999.999999997632,1999.9999999974189,1999.9999999971865,1999.9999999969334,1999.9999999966578,1999.9999999963577,1999.9999999960307,1999.9999999956744,1999.9999999952868,1999.9999999948643,1999.9999999944043,1999.9999999939037,1999.9999999933584,1999.9999999927647,1999.999999992118,1999.9999999914141,1999.999999990648,1999.9999999898137,1999.9999999889053,1999.9999999879167,1999.9999999868405,1999.999999985669,1999.9999999843942,1999.9999999830065,1999.9999999814966,1999.999999979853,1999.9999999780648,1999.999999976119,1999.9999999740016,1999.999999971698,1999.9999999691913,1999.9999999664644,1999.9999999634979,1999.9999999602708,1999.9999999567606,1999.9999999529425,1999.9999999487895,1999.999999944273,1999.9999999393608,1999.999999934019,1999.99999992821,1999.9999999218933,1999.9999999150252,1999.9999999075576,1999.9999998994385,1999.9999998906121,1999.9999998810167,1999.9999998705864,1999.9999998592489,1999.9999998469257,1999.999999833532,1999.9999998189758,1999.9999998031567,1999.9999997859663,1999.9999997672865,1999.9999997469897,1999.999999724937,1999.999999700978,1999.9999996749489,1999.9999996466727,1999.9999996159572,1999.999999582594,1999.9999995463565,1999.9999995069998,1999.9999994642576,1999.9999994178413,1999.999999367438,1999.9999993127085,1999.9999992532848,1999.9999991887685,1999.999999118727,1999.9999990426916,1999.9999989601545,1999.999998870565,1999.9999987733263,1999.9999986677922,1999.9999985532615,1999.999998428975,1999.99999829411,1999.9999981477752,1999.9999979890051,1999.9999978167539,1999.9999976298886,1999.999997427182,1999.9999972073053,1999.9999969688195,1999.9999967101658,1999.9999964296574,1999.999996125467,1999.9999957956175,1999.9999954379673,1999.999995050199,1999.9999946298046,1999.9999941740691,1999.999993680055,1999.9999931445832,1999.9999925642137,1999.9999919352254,1999.9999912535918,1999.9999905149577,1999.999989714612,1999.999988847459,1999.9999879079885,1999.9999868902412,1999.9999857877729,1999.9999845936165,1999.9999833002396,1999.9999818994988,1999.9999803825922,1999.9999787400052,1999.9999769614556,1999.9999750358313,1999.9999729511248,1999.9999706943622,1999.9999682515265,1999.9999656074754,1999.9999627458515,1999.999959648988,1999.9999562978041,1999.9999526716947,1999.99994874841,1999.9999445039261,1999.9999399123083,1999.999934945558,1999.9999295734538,1999.9999237633783,1999.9999174801303,1999.9999106857244,1999.9999033391741,1999.9998953962602,1999.999886809279,1999.9998775267738,1999.9998674932456,1999.9998566488398,1999.9998449290122,1999.9998322641686,1999.999818579277,1999.9998037934506,1999.9997878195004,1999.9997705634546,1999.99975192404,1999.9997317921277,1999.9997100501355,1999.9996865713865,1999.999661219421,1999.9996338472563,1999.9996042965931,1999.9995723969623,1999.9995379648108,1999.9995008025176,1999.9994606973414,1999.999417420289,1999.9993707249016,1999.999320345953,1999.9992659980544,1999.999207374157,1999.999144143947,1999.9990759521243,1999.999002416559,1999.9989231263146,1999.9988376395295,1999.9987454811478,1999.9986461404887,1999.9985390686434,1999.998423675686,1999.998299327689,1999.9981653435289,1999.9980209914631,1999.997865485472,1999.997697981341,1999.9975175724717,1999.9973232853997,1999.997114075002,1999.996888819372,1999.996646314343,1999.9963852676294,1999.996104292572,1999.9958019014498,1999.995476498338,1999.995126371479,1999.994749685136,1999.9943444708938,1999.9939086183754,1999.9934398653315,1999.992935787067,1999.9923937851604,1999.9918110754327,1999.9911846751147,1999.9905113891687,1999.989787795704,1999.9890102304373,1999.9881747701322,1999.9872772149586,1999.9863130697047,1999.9852775237714,1999.9841654298739,1999.9829712813735,1999.9816891881558,1999.9803128509693,1999.9788355341316,1999.9772500365048,1999.9755486606427,1999.9737231799963,1999.9717648040669,1999.9696641413902,1999.9674111602199,1999.964995146785,1999.9624046609788,1999.9596274893336,1999.9566505951298,1999.9534600654797,1999.950041055215,1999.9463777274023,1999.9424531903035,1999.938249430585,1999.9337472425755,1999.9289261533559,1999.9237643434665,1999.9182385629922,1999.912324042789,1999.9059944005967,1999.8992215417768,1999.891975554397,1999.8842245983824,1999.8759347884295,1999.8670700703792,1999.8575920907226,1999.8474600589102,1999.8366306021148,1999.8250576120902,1999.8126920837549,1999.7994819451155,1999.7853718781312,1999.7703031301091,1999.7542133152092,1999.737036205618,1999.718701511947,1999.699134652387,1999.6782565101526,1999.6559831787226,1999.6322256943836,1999.6068897555647,1999.5798754284456,1999.5510768383067,1999.5203818460832,1999.4876717095754,1999.4528207287603,1999.415695874646,1999.3761564010983,1999.334053439076,1999.2892295726974,1999.241518396574,1999.1907440538323,1999.1367207542637,1999.0792522720424,1999.0181314224546,1998.953139517103,1998.8840457970562,1998.810606843437,1998.7325659649568,1998.6496525619357,1998.5615814663668,1998.468052257624,1998.3687485534465,1998.2633372758687,1998.151467891823,1998.0327716281822,1997.9068606610772,1997.7733272793785,1997.631743022308,1997.4816577912236,1997.3225989356954,1997.1540703140922,1996.9755513289917,1996.7864959378296,1996.5863316393275,1996.374458436352,1996.1502477759996,1995.9130414678311,1995.6621505813434,1995.3968543239148,1995.1163989006373,1994.8199963576258,1994.5068234105865,1994.1760202606242,1993.8266893994803,1993.4578944066175,1993.0686587407922,1992.657964529002,1992.2247513559448,1991.7679150573897,1991.2863065211268,1990.7787304994486,1990.2439444373972,1989.6806573213134,1989.0875285525278,1988.463166851337,1987.8061291967342,1987.1149198076741,1986.3879891719823,1985.6237331293394,1984.8204920151004,1983.9765498720294,1983.0901337373537,1982.1594130128578,1981.182498926043,1980.1574440906802,1979.0822421753696,1977.9548276889918,1976.773075892186,1975.53480284423,1974.2377655948985,1972.8796625310574,1971.4581338879048,1969.970762434876,1968.4150743463101,1966.788540267,1965.088576582732,1963.3125469058557,1961.4577637857856,1959.5214906541596,1957.5009440141184,1955.3932958828393,1953.1956764960655,1950.9051772828811,1948.518854118419,1946.0337308615276,1943.4468031836761,1940.7550426945286,1937.9554013686625,1935.044816276857,1932.0202146242157,1928.8785190961066,1925.6166535115299,1922.2315487820133,1918.7201491725345,1915.0794188592379,1911.3063487768793,1907.3979637469888,1903.3513298756843,1899.1635622079216,1894.8318326227143,1890.353377951523,1885.7255082995975,1880.9456155475732,1876.0111820080788,1870.9197892095347,1865.6691267767092,1860.2570013749742,1854.6813456826017,1848.94022735285,1843.0318579250682,1836.9546016415943,1830.7069841248765,1824.2877008670316,1817.6956254820102,1810.929817668668,1803.9895308314233,1796.8742193037988,1789.5835451190728,1782.1173842715125,1774.4758324112822,1766.659209916131,1758.6680662834149,1750.503183786932,1742.1655803444621,1733.656511543857,1724.9774717780356,1716.1301944423262,1707.1166511512993,1697.93904993654,1688.5998323917577,1679.1016697372056,1669.4474577815886,1659.6403107664705,1649.683554085623,1639.5807158797645,1629.335517515692,1618.9518629678414,1608.4338271297963,1597.7856430930963,1587.011688440836,1576.1164706138609,1565.1046114177882,1553.9808307494682,1542.7499296317578,1531.4167726554404,1519.986269936667,1508.4633587072694,1496.8529846635176,1485.1600832062409,1473.3895607115028,1461.5462759760774,1449.6350219856438,1437.6605081557423,1425.6273431959858,1413.5400187466512,1401.4028939334821,1389.2201809812163,1376.9959320189587,1364.7340272009915,1352.4381642549815,1340.1118495558096,1327.758390807517,1315.3808913982475,1302.9822464737376,1290.5651407540875,1278.1320480965096,1265.6852327838194,1253.2267524949543,1240.7584628902332,1228.2820237208075,1215.7989063493205,1203.3104025476914,1190.8176344186772,1178.3215652709832,1165.8230112637002,1153.3197925172283,1140.8025099857684,1128.2623884192199,1115.6805563289065,1103.0282943668362,1090.262743414844,1077.3171329366933,1064.0979788020366,1050.4719433149564,1036.2564046402013,1021.2123940391537,1005.0333943617717,987.3450927160197,967.7120578147014,945.6561114089995,920.6930460799609,892.3839551490234,860.4013013125,824.5982728027343,785.0648154296874,742.1538525390624,696.4541015625,648.70361328125,599.658203125,549.951171875,500.0,450.0,400.0,350.0,300.0,250.0,200.0,150.0,100.0,50.0,0.0
11,2199.9999999997967,2199.999999999778,2199.9999999997576,2199.999999999736,2199.9999999997117,2199.9999999996853,2199.999999999657,2199.999999999626,2199.9999999995925,2199.999999999556,2199.999999999516,2199.9999999994725,2199.999999999425,2199.9999999993734,2199.9999999993174,2199.9999999992565,2199.99999999919,2199.999999999118,2199.999999999039,2199.9999999989536,2199.9999999988604,2199.999999998759,2199.9999999986485,2199.999999998528,2199.999999998397,2199.9999999982547,2199.9999999980996,2199.999999997931,2199.999999997747,2199.9999999975475,2199.99999999733,2199.9999999970937,2199.999999996837,2199.999999996557,2199.999999996253,2199.999999995922,2199.9999999955617,2199.99999999517,2199.999999994744,2199.9999999942806,2199.999999993777,2199.999999993229,2199.999999992633,2199.9999999919855,2199.999999991281,2199.9999999905153,2199.9999999896827,2199.9999999887777,2199.9999999877937,2199.999999986724,2199.9999999855618,2199.999999984298,2199.9999999829247,2199.999999981432,2199.99999997981,2199.9999999780475,2199.9999999761317,2199.9999999740503,2199.999999971789,2199.999999969332,2199.9999999666625,2199.999999963762,2199.9999999606116,2199.999999957189,2199.9999999534716,2199.9999999494335,2199.9999999450474,2199.999999940284,2199.9999999351107,2199.9999999294932,2199.9999999233933,2199.9999999167694,2199.999999909577,2199.9999999017687,2199.9999998932913,2199.999999884088,2199.9999998740977,2199.9999998632534,2199.9999998514822,2199.999999838706,2199.9999998248404,2199.999999809793,2199.999999793463,2199.9999997757427,2199.999999756515,2199.999999735653,2199.999999713019,2199.999999688463,2199.9999996618244,2199.999999632928,2199.999999601584,2199.9999995675867,2199.9999995307144,2199.9999994907257,2199.99999944736,2199.9999994003347,2199.9999993493443,2199.9999992940575,2199.999999234116,2199.9999991691316,2199.9999990986844,2199.9999990223196,2199.9999989395455,2199.99999884983,2199.9999987525957,2199.99999864722,2199.999998533028,2199.9999984092897,2199.999998275215,2199.999998129951,2199.9999979725726,2199.9999978020805,2199.999997617394,2199.9999974173443,2199.999997200667,2199.999996965996,2199.999996711853,2199.99999643664,2199.99999613863,2199.9999958159565,2199.999995466601,2199.9999950883825,2199.9999946789444,2199.999994235739,2199.999993756014,2199.9999932367964,2199.999992674873,2199.9999920667724,2199.999991408746,2199.999990696745,2199.9999899263958,2199.999989092975,2199.9999881913827,2199.999987216112,2199.9999861612173,2199.9999850202794,2199.9999837863697,2199.9999824520087,2199.9999810091244,2199.999979449005,2199.9999777622493,2199.9999759387138,2199.9999739674536,2199.9999718366616,2199.9999695336005,2199.999967044531,2199.9999643546353,2199.9999614479325,2199.9999583071904,2199.999954913827,2199.999951247809,2199.9999472875384,2199.9999430097346,2199.999938389303,2199.999933399199,2199.999928010277,2199.9999221911307,2199.9999159079225,2199.9999091241966,2199.9999018006815,2199.9998938950766,2199.9998853618226,2199.9998761518555,2199.999866212342,2199.9998554863964,2199.999843912775,2199.999831425549,2199.9998179537547,2199.9998034210153,2199.9997877451365,2199.999770837673,2199.999752603464,2199.9997329401317,2199.9997117375488,2199.999688877262,2199.9996642318774,2199.9996376644,2199.9996090275267,2199.9995781628877,2199.9995449002336,2199.9995090565653,2199.999470435201,2199.9994288247776,2199.9993839981785,2199.9993357113894,2199.9992837022714,2199.999227689246,2199.999167369889,2199.999102419428,2199.999032489128,2199.998957204571,2199.9988761638137,2199.998788935413,2199.9986950563193,2199.998594029622,2199.9984853221395,2199.9983683618425,2199.998242535101,2199.9981071837406,2199.997961601902,2199.9978050326795,2199.997636664538,2199.99745562748,2199.9972609889605,2199.9970517495176,2199.9968268381167,2199.996585107179,2199.996325327275,2199.996046181469,2199.995746259282,2199.995424050259,2199.995077937105,2199.994706188374,2199.9943069506726,2199.993878240355,2199.9934179346765,2199.992923762366,2199.9923932935912,2199.991823929271,2199.991212889701,2199.990557202445,2199.989853689453,2199.989098953354,2199.988289362879,2199.9874210373578,2199.9864898302367,2199.9854913115587,2199.984420749345,2199.983273089813,2199.9820429363594,2199.980724527247,2199.9793117119043,2199.977797925775,2199.976176163621,2199.9744389511975,2199.9725783152066,2199.970585751433,2199.9684521909585,2199.9661679643496,2199.963722763707,2199.961105602457,2199.958304772763,2199.9553078004287,2199.952101397157,2199.948671410022,2199.9450027680073,2199.941079425456,2199.93688430227,2199.9323992206882,2199.9276048384713,2199.922480578302,2199.917004553217,2199.9111534878643,2199.9049026353805,2199.898225689669,2199.8910946928563,2199.8834799376923,2199.8753498646433,2199.866670953439,2199.8574076087975,2199.8475220400637,2199.8369741344814,2199.825721323803,2199.8137184439393,2199.800917587337,2199.787267947767,2199.7727156571864,2199.7572036143415,2199.7406713047576,2199.7230546117553,2199.7042856181283,2199.6842923981,2199.662998799174,2199.6403242134847,2199.6161833382357,2199.5904859248276,2199.56313651624,2199.5340341722563,2199.50307218209,2199.470137763976,2199.435111751292,2199.3978682647567,2199.358274370262,2199.316189721889,2199.27146618966,2199.223947471579,2199.173468689515,2199.119855968492,2199.0629259989487,2199.002485581547,2198.9383311541137,2198.8702483003144,2198.7980112396735,2198.721382298573,2198.640111361886,2198.5539353049126,2198.4625774053366,2198.3657467349212,2198.2631375307237,2198.1544285456293,2198.039282378051,2197.9173447806943,2197.7882439483224,2197.6515897845297,2197.506973147577,2197.3539650754124,2197.192115990076,2197.020954881756,2196.8399884728474,2196.648700362456,2196.446550151882,2196.2329725517084,2196.007376471246,2195.769144091182,2195.517629920404,2195.252159838107,2194.97203012241,2194.6765064668657,2194.3648229863816,2194.0361812142355,2193.689749092029,2193.324659954589,2192.940011512007,2192.5348648311938,2192.1082433195093,2191.6591317132325,2191.1864750738328,2190.6891777952205,2190.1661026253655,2189.616069705891,2189.037855633476,2188.43019254713,2187.7917672456306,2187.121220339647,2186.417145443317,2185.6780884102645,2184.902546619294,2184.0889683152213,2183.2357520105356,2182.341245953803,2181.403747670953,2180.421503585793,2179.3927087262905,2178.315506523375,2177.187988709157,2176.008195321648,2174.7741148232008,2173.483684340003,2172.1347900300766,2170.725267587296,2169.252902888992,2167.7154327947296,2166.1105461038264,2164.4358846791356,2162.6890447445194,2160.867578363314,2158.968995104905,2156.990763906318,2154.930315135439,2152.7850428621655,2150.5523073433997,2148.2294377273433,2145.8137349820618,2143.3024750527006,2140.692912251112,2137.9822828809315,2135.167809100384,2132.2467030242283,2129.216171065347,2126.073418515484,2122.8156543635555,2119.4400963488324,2115.9439762450493,2112.32454537023,2108.5790803156415,2104.7048888858594,2100.6993162404515,2096.5597512262057,2092.283632887244,2087.8684571386916,2083.3117835878675,2078.611242485238,2073.7645417855965,2068.769474298159,2063.6239249024834,2058.325877805328,2052.8734238118104,2047.264767582491,2041.498234846332,2035.572279537845,2029.485490825214,2023.236599994727,2016.8244871555219,2010.24818772746,2003.5068986738959,1996.59998444025,1989.5269825586138,1982.2876088781707,1974.881762380984,1967.3095295427522,1959.5711881984364,1951.6672108732764,1943.598267540637,1935.3652277693732,1926.969162225007,1918.411343490961,1909.6932461784234,1900.8165462961288,1891.7831198544195,1882.5950406814345,1873.2545774331347,1863.7641897831036,1854.126523782678,1844.3444063869242,1834.420839147265,1824.3589910771793,1814.162190703274,1803.83391732016,1793.3777914738955,1782.797564705244,1772.0971085905815,1761.2804031249138,1750.3515244980742,1739.31463232168,1728.1739563707815,1716.9337829102358,1705.5984406816128,1694.1722866318148,1682.6596914694503,1671.0650251392963,1659.3926423087892,1647.646867963345,1635.8319832093312,1623.952211384617,1612.0117045767474,1600.0145306478676,1587.9646608634896,1575.865958219042,1563.722166553798,1551.5369005362752,1539.3136365985195,1527.055704888839,1514.7662823036273,1502.4483866489209,1490.1048719713954,1477.738425086719,1465.3515633206634,1452.9466334652973,1440.525811939109,1428.0911061262343,1415.6443568562813,1403.1872419728106,1390.7212809255398,1378.2478403090734,1365.7681402596272,1353.2832616110848,1340.794153703003,1328.3016427261196,1315.8064404856625,1303.3091534595353,1290.8102920273368,1278.310181506982,1265.8027285952867,1253.2838919195904,1240.7447725754805,1228.1697526337325,1215.5369952816966,1202.8116021441733,1189.94264795944,1176.8570015520436,1163.4512596892432,1149.5853864417934,1135.0727940815502,1119.673644848144,1103.0908850560868,1084.9693760730202,1064.905357784269,1042.4656228525182,1017.2191878903348,988.78226437167,956.8714826633789,921.3590101777343,882.3167190429687,840.035165283203,795.0055151367187,747.857177734375,699.26025390625,649.81689453125,599.9755859375,550.0,500.0,450.0,400.0,350.0,300.0,250.0,200.0,150.0,100.0,50.0,0.0
12,2399.9999999989395,2399.9999999988463,2399.999999998745,2399.999999998635,2399.999999998515,2399.9999999983847,2399.999999998243,2399.999999998089,2399.9999999979223,2399.999999997741,2399.9999999975435,2399.999999997329,2399.9999999970955,2399.9999999968427,2399.9999999965676,2399.999999996269,2399.999999995944,2399.999999995591,2399.999999995208,2399.999999994792,2399.9999999943398,2399.9999999938486,2399.999999993315,2399.999999992736,2399.999999992107,2399.999999991424,2399.999999990682,2399.999999989877,2399.999999989002,2399.999999988052,2399.999999987021,2399.999999985902,2399.999999984687,2399.9999999833676,2399.999999981936,2399.999999980382,2399.9999999786955,2399.9999999768647,2399.9999999748784,2399.9999999727224,2399.999999970383,2399.999999967845,2399.9999999650904,2399.999999962102,2399.9999999588595,2399.9999999553424,2399.9999999515267,2399.9999999473876,2399.999999942898,2399.999999938028,2399.9999999327465,2399.9999999270185,2399.9999999208067,2399.9999999140705,2399.9999999067663,2399.999999898846,2399.999999890259,2399.9999998809485,2399.9999998708554,2399.9999998599137,2399.9999998480525,2399.999999835196,2399.999999821261,2399.999999806158,2399.99999978979,2399.9999997720515,2399.99999975283,2399.9999997320015,2399.9999997094337,2399.999999684983,2399.999999658493,2399.9999996297956,2399.9999995987087,2399.999999565035,2399.999999528562,2399.999999489059,2399.999999446277,2399.9999993999463,2399.9999993497754,2399.99999929545,2399.999999236629,2399.9999991729437,2399.999999103997,2399.999999029359,2399.999998948564,2399.99999886111,2399.9999987664532,2399.9999986640078,2399.9999985531394,2399.999998433163,2399.9999983033385,2399.9999981628666,2399.9999980108832,2399.9999978464566,2399.9999976685785,2399.9999974761613,2399.99999726803,2399.9999970429153,2399.9999967994486,2399.9999965361503,2399.999996251424,2399.9999959435463,2399.999995610657,2399.999995250749,2399.999994861655,2399.9999944410365,2399.999993986371,2399.9999934949356,2399.9999929637934,2399.999992389776,2399.999991769465,2399.9999910991746,2399.999990374928,2399.9999895924375,2399.9999887470785,2399.9999878338654,2399.999986847422,2399.999985781953,2399.9999846312107,2399.9999833884613,2399.9999820464454,2399.999980597341,2399.9999790327183,2399.9999773434934,2399.9999755198796,2399.999973551333,2399.999971426495,2399.9999691331304,2399.999966658062,2399.999963987097,2399.9999611049525,2399.999957995172,2399.9999546400372,2399.9999510204734,2399.9999471159463,2399.9999429043532,2399.999938361907,2399.9999334630065,2399.9999281801047,2399.99992248356,2399.999916341483,2399.9999097195687,2399.9999025809147,2399.999894885832,2399.9998865916355,2399.9998776524244,2399.9998680188455,2399.9998576378357,2399.999846452352,2399.999834401077,2399.9998214181064,2399.999807432614,2399.9997923684896,2399.999776143955,2399.9997586711497,2399.9997398556907,2399.999719596197,2399.9996977837827,2399.9996743015145,2399.999649023829,2399.9996218159126,2399.9995925330336,2399.999561019831,2399.999527109552,2399.999490623236,2399.9994513688425,2399.9994091403196,2399.9993637166044,2399.9993148605586,2399.9992623178277,2399.9992058156226,2399.999145061418,2399.9990797415608,2399.999009519784,2399.99893403562,2399.9988529027023,2399.9987657069582,2399.9986720046727,2399.9985713204264,2399.9984631448924,2399.9983469324843,2399.998222098849,2399.99808801819,2399.997944020414,2399.9977893880828,2399.997623353173,2399.9974450936093,2399.9972537295785,2399.997048319595,2399.9968278563133,2399.9965912620623,2399.99633738409,2399.996064989499,2399.995772759852,2399.9954592854333,2399.9951230591323,2399.994762469942,2399.9943757960355,2399.9939611974014,2399.9935167080125,2399.9930402274936,2399.992529512266,2399.991982166131,2399.9913956302607,2399.990767172565,2399.990093876392,2399.989372628527,2399.9886001064438,2399.9877727647745,2399.98688682094,2399.9859382399045,2399.984922717993,2399.9838356657283,2399.9826721896234,2399.9814270728752,2399.9800947548974,2399.978669309623,2399.9771444225153,2399.975513366209,2399.97376897471,2399.9719036160727,2399.9699091634748,2399.967776964599,2399.965497809235,2399.9630618949986,2399.9604587910835,2399.9576773999197,2399.95470591665,2399.951531786298,2399.9481416585136,2399.9445213397657,2399.9406557428615,2399.9365288336485,2399.9321235747625,2399.9274218662695,2399.9224044830544,2399.9170510087897,2399.9113397663264,2399.905247744324,2399.8987505199475,2399.8918221774466,2399.8844352224114,2399.8765604915206,2399.868167057561,2399.85922212951,2399.8496909474543,2399.8395366721206,2399.8287202687707,2399.817200385224,2399.804933223752,2399.79187240658,2399.777968834731,2399.763170539938,2399.747422529333,2399.730666622629,2399.7128412814927,2399.6938814308037,2399.6737182714883,2399.6522790846047,2399.629487026361,2399.6052609137273,2399.57951500031,2399.552158742144,2399.5230965530554,2399.4922275492463,2399.4594452827437,2399.4246374633613,2399.387685668808,2399.348465042591,2399.306843979351,2399.262683797265,2399.215838397172,2399.1661539080606,2399.113468318569,2399.057611094162,2398.9984027796436,2398.9356545866885,2398.8691679660697,2398.7987341642893,2398.724133764324,2398.6451362102166,2398.5614993152676,2398.4729687536014,2398.3792775349025,2398.2801454621513,2398.1752785722147,2398.0643685591813,2397.9470921803686,2397.8231106449703,2397.692068985351,2397.553595411044,2397.4073006455696,2397.252777246225,2397.089598907075,2396.9173197454293,2396.7354735721533,2396.5435731462444,2396.3411094141693,2396.1275507345517,2395.902342088876,2395.6649042789677,2395.414633112109,2395.1508985747523,2394.873043995888,2394.580385201256,2394.2722096596826,2393.9477756229717,2393.6063112608845,2393.2470137928885,2392.869048618492,2392.4715484481153,2392.053612436605,2391.6143053216447,2391.152656569474,2390.6676595304816,2390.1582706074123,2389.623408439079,2389.061953102658,2388.4727453378,2387.8545857959734,2387.206234318634,2386.5264092479724,2385.813786774191,2385.0670003234127,2384.284639990513,2383.4652520213217,2382.6073383488206,2381.7093561881093,2380.7697176950805,2379.7867896938797,2378.7588934783685,2377.6843046929503,2376.561253298208,2375.387923626937,2374.1624545362283,2372.8829396613355,2371.547427777118,2370.153923272884,2368.700386746478,2367.184735723442,2365.604845507052,2363.958550164969,2362.243643658155,2360.4578811175747,2358.5989802740655,2356.6646230465562,2354.652457293596,2352.560098732884,2350.385133033196,2348.1251180827403,2345.777586437601,2343.3400479534753,2340.809992603436,2338.1848934839136,2335.4622100105125,2332.639391304646,2329.7138797712837,2326.683114867391,2323.54453705983,2320.2955919706815,2316.933734707046,2313.456434371457,2309.8611787480563,2306.145479158651,2302.306875481711,2298.342941326242,2294.251289351337,2290.029576721016,2285.675510682757,2281.186854256898,2276.5614320228246,2271.7971359866015,2266.8919315134403,2261.8438633071305,2256.6510614172958,2251.311747254122,2245.8242395889743,2240.1869605181705,2234.3984413660514,2228.457328502425,2222.3623890484864,2216.112516444403,2209.706735850937,2203.144209356801,2196.4242409628364,2189.5462813136705,2182.5099321472107,2175.3149504321796,2167.96125216394,2160.4489157890616,2152.778185229489,2144.9494724777956,2136.963359735826,2128.8206010700887,2120.5221235585545,2112.0690279050327,2103.462588499079,2094.704252901402,2085.795640737004,2076.7385419808093,2067.534914623295,2058.1868817066306,2048.696727725074,2039.0668943868184,2029.2999757381308,2019.398712654483,2009.3659867073784,1999.2048134197394,1988.918334926997,1978.5098120653927,1967.9826159134211,1957.3402188167897,1946.5861849316912,1935.724160325554,1924.7578626786974,1913.6910706344215,1902.5276128489932,1891.2713567966414,1879.9261973880577,1868.4960454639258,1856.9848162276307,1845.3964176834882,1833.7347391485341,1822.0036399070734,1810.2069380777725,1798.3483997630542,1786.431728549881,1774.460555429666,1762.4384292030234,1750.3688074323263,1738.2550480016082,1726.100401339193,1713.908003353622,1701.680869127956,1689.4218874114233,1677.133815940707,1664.8192776159533,1652.4807575489433,1640.1206009928483,1627.7410121546895,1615.3440538831528,1602.9316482158542,1590.5055777616574,1578.0674878852947,1565.6188896535057,1553.1611634942599,1540.6955635135482,1528.2232224077984,1515.7451569043194,1503.26227365744,1490.7753755242354,1478.2851681410605,1465.7922667205626,1453.297202988506,1440.8004321806036,1428.3023400216614,1415.8032496126234,1403.3034281555683,1390.800415825474,1378.2916781914128,1365.7730643554887,1353.2359472039955,1340.6691658127043,1328.054439705818,1315.3641068361553,1302.558461038578,1289.5799267954592,1276.348251446745,1262.7538549340502,1248.6507083160566,1233.85015694287,1218.1149274439467,1201.157060806343,1182.6404767645417,1162.1900684729967,1139.4107608729732,1113.9161639616773,1085.3667050708364,1053.5142222513377,1018.2461801310058,979.6208775986327,937.8827450195312,893.4487709960937,846.8623767089844,798.71923828125,749.581298828125,699.90234375,649.98779296875,600.0,550.0,500.0,450.0,400.0,350.0,300.0,250.0,200.0,150.0,100.0,50.0,0.0
13,2599.9999999949796,2599.99999999455,2599.9999999940837,2599.999999993578,2599.999999993029,2599.999999992434,2599.999999991788,2599.999999991088,2599.9999999903284,2599.999999989505,2599.9999999886113,2599.9999999876422,2599.999999986592,2599.9999999854526,2599.9999999842175,2599.9999999828783,2599.9999999814263,2599.9999999798524,2599.999999978146,2599.9999999762963,2599.9999999742918,2599.999999972119,2599.999999969764,2599.999999967211,2599.9999999644447,2599.999999961447,2599.9999999581987,2599.999999954679,2599.9999999508655,2599.999999946733,2599.9999999422566,2599.999999937407,2599.9999999321535,2599.9999999264633,2599.9999999202996,2599.999999913624,2599.999999906394,2599.9999998985636,2599.999999890084,2599.9999998809017,2599.999999870959,2599.999999860194,2599.9999998485387,2599.9999998359203,2599.9999998222606,2599.9999998074736,2599.9999997914674,2599.9999997741425,2599.999999755392,2599.9999997350988,2599.9999997131376,2599.999999689373,2599.999999663658,2599.9999996358342,2599.9999996057304,2599.999999573162,2599.9999995379285,2599.999999499815,2599.9999994585883,2599.999999413996,2599.9999993657675,2599.999999313609,2599.999999257203,2599.9999991962077,2599.9999991302543,2599.999999058943,2599.9999989818443,2599.9999988984937,2599.999998808389,2599.9999987109895,2599.9999986057114,2599.999998491924,2599.999998368948,2599.9999982360496,2599.9999980924367,2599.9999979372565,2599.9999977695875,2599.999997588436,2599.999997392732,2599.9999971813186,2599.999996952951,2599.999996706285,2599.999996439872,2599.999996152151,2599.9999958414382,2599.999995505919,2599.999995143637,2599.999994752485,2599.9999943301896,2599.9999938743035,2599.9999933821887,2599.9999928510024,2599.999992277682,2599.999991658929,2599.9999909911903,2599.9999902706377,2599.9999894931498,2599.999988654287,2599.999987749269,2599.9999867729493,2599.9999857197854,2599.9999845838115,2599.9999833586066,2599.9999820372573,2599.999980612324,2599.9999790758006,2599.9999774190705,2599.9999756328634,2599.9999737072044,2599.999971631363,2599.9999693937966,2599.9999669820877,2599.9999643828833,2599.9999615818215,2599.9999585634596,2599.999955311192,2599.9999518071663,2599.9999480321903,2599.9999439656326,2599.9999395853183,2599.999934867415,2599.9999297863124,2599.9999243144894,2599.999918422378,2599.999912078211,2599.999905247864,2599.9998978946824,2599.999889979299,2599.9998814594364,2599.999872289696,2599.999862421334,2599.9998518020184,2599.9998403755717,2599.9998280816935,2599.999814855665,2599.9998006280334,2599.9997853242694,2599.9997688644094,2599.9997511626652,2599.99973212701,2599.9997116587347,2599.999689651975,2599.999665993204,2599.99964056069,2599.999613223918,2599.9995838429727,2599.999552267876,2599.9995183378805,2599.999481880717,2599.999442711788,2599.999400633308,2599.999355433385,2599.99930688504,2599.99925474516,2599.999198753383,2599.999138630904,2599.9990740792045,2599.999004778696,2599.9989303872712,2599.9988505387646,2599.9987648413035,2599.9986728755553,2599.9985741928576,2599.9984683132247,2599.9983547232237,2599.99823287371,2599.99810217742,2599.9979620063996,2599.997811689271,2599.9976505083205,2599.997477696398,2599.997292433618,2599.9970938438464,2599.996880990964,2599.996652874891,2599.996408427356,2599.9961465074,2599.995865896592,2599.995565293944,2599.995243310505,2599.9948984636185,2599.994529170815,2599.994133743329,2599.993710379208,2599.9932571559993,2599.99277202298,2599.9922527929098,2599.9916971332796,2599.991102557022,2599.990466412656,2599.989785873833,2599.9890579282487,2599.988279365887,2599.9874467665577,2599.9865564866827,2599.985604645299,2599.984587109228,2599.9834994773605,2599.9823370640224,2599.9810948813565,2599.9797676206745,2599.97834963272,2599.9768349067854,2599.975217048621,2599.9734892570714,2599.9716442993686,2599.969674485018,2599.9675716381926,2599.965327068572,2599.9629315405314,2599.9603752406006,2599.9576477431124,2599.9547379739324,2599.951634172189,2599.9483238498906,2599.944793749334,2599.941029798191,2599.9370170621546,2599.9327396950375,2599.928180886185,2599.923322805086,2599.918146543043,2599.912632051759,2599.906758078706,2599.9005020991176,2599.8938402444546,2599.8867472271804,2599.8791962616833,2599.87115898117,2599.862605350354,2599.8535035737523,2599.8438199994066,2599.833519017824,2599.822562955942,2599.8109119659057,2599.7985239084446,2599.785354230629,2599.7713558377736,2599.756478959268,2599.7406710080813,2599.7238764337076,2599.706036568296,2599.6870894657154,2599.666969733288,2599.64560835593,2599.6229325124273,2599.5988653835725,2599.573325951884,2599.546228792624,2599.517483855832,2599.4869962390817,2599.454665950676,2599.42038766298,2599.3840504556074,2599.345537548161,2599.3047260222347,2599.2614865323935,2599.2156830058275,2599.167172330408,2599.1158040308574,2599.0614199327606,2599.003853814144,2598.942931044366,2598.878468210067,2598.8102727279356,2598.7381424440678,2598.6618652197017,2598.581218503134,2598.495968887639,2598.4058716552263,2598.3106703061108,2598.2100960737707,2598.1038674255165,2597.9916895485103,2597.8732538212153,2597.748237270279,2597.6163020128997,2597.47709468477,2597.330245853712,2597.175369419199,2597.012061997975,2596.839902296053,2596.6584504674365,2596.46724745994,2596.2658143485837,2596.0536516570687,2595.830238667945,2595.59503272212,2595.34746850847,2595.0869573443715,2594.812886448074,2594.524618203908,2594.2214894214285,2593.9028105896896,2593.5678651279404,2593.215908634139,2592.8461681327935,2592.4578413237514,2592.0500958336625,2591.622068471972,2591.1728644934165,2590.701556869117,2590.2071855684912,2589.6887568543357,2589.1452425935668,2588.57557958622,2587.97866891547,2587.353375321535,2586.698526602496,2586.012913045163,2585.295286889279,2584.5443618284653,2583.7588125514453,2582.9372743272197,2582.0783426379685,2581.180572863586,2580.242480021864,2579.2625385684423,2578.239182260736,2577.1708040901544,2576.05575628699,2574.8923504024365,2573.6788574722414,2572.4135082665553,2571.0944936305596,2569.7199649204745,2568.288034539547,2566.796776578595,2565.244227565652,2563.6283873291823,2561.9472199792726,2560.198655011086,2558.3805885347388,2556.4908846356057,2554.52737686887,2552.487869891929,2550.370141238019,2548.171943234145,2545.891005066108,2543.52503499307,2541.071722713739,2538.5287418858243,2535.8937528000097,2533.164405209169,2530.3383413130696,2527.413198898237,2524.386614632086,2521.2562275097753,2518.0196824516174,2514.6746340481595,2511.218750449332,2507.649717393316,2503.9652423699695,2500.1630589128645,2496.2409310131256,2492.196657647401,2488.028077411414,2483.7330732496384,2479.3095772707284,2474.7555756374004,2470.069113518551,2465.248300090451,2460.291313572939,2455.1964062856377,2449.961909708296,2444.5862395285244,2439.067900659323,2433.4054922080236,2427.5977123774974,2421.643363279786,2415.5413556416706,2409.2907133811227,2402.8905780330874,2396.340213002638,2389.6390076232315,2382.7864809975767,2375.7822855985323,2368.626210607461,2361.3181849676175,2353.858280130417,2346.2467124728537,2338.4838453649036,2330.5701908664555,2322.5064110341946,2314.293318819901,2305.9318785428154,2297.423205920105,2288.7685676409856,2279.969380471768,2271.027209880958,2261.9437681755653,2252.720912141984,2243.3606401871125,2233.865088977893,2224.2365295800414,2214.477363099487,2204.5901158328656,2194.5774339363616,2184.442077625179,2174.186914918998,2163.8149149518536,2153.3291408679893,2142.732742328313,2132.0289476551457,2121.221055645925,2110.3124270894186,2099.3064760207562,2088.2066607542024,2077.016474735003,2065.739437253849,2054.379084069452,2042.9389579864144,2031.4225994369392,2019.8335371159822,2008.1752787201249,1996.4513018407586,1984.6650450620657,1972.8198993137794,1960.9191995277483,1948.9662166459507,1936.964150025764,1924.9161202860168,1912.8251626346262,1900.6942207154655,1888.5261410085425,1876.3236678135968,1864.0894388428985,1851.8259814443688,1839.535709471185,1827.2209208088361,1814.8837955651948,1802.5263949236394,1790.1506606536414,1777.7584152676063,1765.3513628071823,1752.9310902367906,1740.4990694168837,1728.0566596244325,1715.6051105834974,1703.145565964476,1690.6790673068451,1678.2065583169554,1665.728889489766,1653.246823001374,1640.7610378178038,1628.272134964864,1615.7806429038992,1603.2870229590214,1590.7916747428771,1578.294941530148,1565.7971155308048,1553.2984430185543,1540.7991292738868,1528.2993433055958,1515.7982544305878,1503.2941688395144,1490.7850880664055,1478.2667479772426,1465.7330801290113,1453.17448206661,1440.5758997777311,1427.9158523514668,1415.1625388902294,1402.2706380746406,1389.177169313126,1375.7958775876737,1362.011828379888,1347.6754053130305,1332.5969556920109,1316.5432030679654,1299.2362491930608,1280.357570942175,1259.558081078007,1236.4756853914726,1210.7613023099484,1182.1118437469236,1150.3075235321699,1115.2483419935033,1076.982461735669,1035.718743340332,991.8166090820313,945.7504731445313,898.0521752929687,849.2419738769531,799.7647094726562,749.9481201171875,699.993896484375,650.0,600.0,550.0,500.0,450.0,400.0,350.0,300.0,250.0,200.0,150.0,100.0,50.0,0.0
14,2799.9999999781194,2799.9999999762936,2799.999999974317,2799.9999999721763,2799.9999999698593,2799.999999967351,2799.9999999646357,2799.9999999616966,2799.999999958515,2799.999999955072,2799.9999999513448,2799.999999947311,2799.9999999429465,2799.9999999382235,2799.999999933113,2799.9999999275833,2799.9999999216006,2799.9999999151282,2799.9999999081265,2799.999999900552,2799.9999998923586,2799.999999883496,2799.999999873911,2799.999999863544,2799.9999998523326,2799.9999998402086,2799.9999998270982,2799.9999998129224,2799.9999997975956,2799.9999997810246,2799.99999976311,2799.999999743743,2799.9999997228088,2799.9999997001805,2799.999999675723,2799.9999996492893,2799.999999620722,2799.9999995898506,2799.9999995564913,2799.9999995204457,2799.9999994814993,2799.999999439422,2799.9999993939646,2799.9999993448587,2799.9999992918138,2799.9999992345183,2799.999999172635,2799.9999991058007,2799.999999033624,2799.9999989556823,2799.999998871521,2799.9999987806486,2799.999998682536,2799.999998576614,2799.9999984622677,2799.999998338835,2799.999998205603,2799.9999980618013,2799.999997906603,2799.999997739115,2799.9999975583755,2799.9999973633494,2799.9999971529214,2799.9999969258897,2799.99999668096,2799.99999641674,2799.9999961317285,2799.99999582431,2799.9999954927457,2799.999995135163,2799.999994749546,2799.999994333726,2799.999993885368,2799.999993401959,2799.9999928807947,2799.9999923189657,2799.999991713341,2799.999991060552,2799.999990356976,2799.9999895987157,2799.9999887815784,2799.9999879010556,2799.999986952298,2799.999985930092,2799.9999848288307,2799.9999836424877,2799.999982364582,2799.9999809881483,2799.9999795056997,2799.999977909188,2799.9999761899658,2799.9999743387393,2799.9999723455235,2799.9999701995894,2799.9999678894114,2799.9999654026083,2799.9999627258817,2799.999959844948,2799.999956744468,2799.9999534079698,2799.9999498177676,2799.999945954874,2799.9999417989034,2799.999937327975,2799.999932518603,2799.999927345581,2799.99992178186,2799.999915798415,2799.999909364105,2799.9999024455205,2799.999895006823,2799.9998870095715,2799.999878412537,2799.9998691715055,2799.999859239066,2799.9998485643855,2799.999837092965,2799.9998247663843,2799.9998115220233,2799.999797292768,2799.999782006696,2799.9997655867382,2799.9997479503213,2799.999729008982,2799.9997086679564,2799.9996868257444,2799.99966337364,2799.9996381952333,2799.9996111658775,2799.9995821521197,2799.999551011096,2799.9995175898825,2799.9994817248057,2799.999443240707,2799.999401950156,2799.999357652614,2799.999310133541,2799.999259163444,2799.999204496864,2799.9991458712925,2799.999083006021,2799.999015600915,2799.9989433351047,2799.9988658655952,2799.9987828257817,2799.9986938238717,2799.998598441204,2799.998496230462,2799.9983867137666,2799.9982693806533,2799.9981436859134,2799.9980090473055,2799.997864843113,2799.997710409552,2799.997545038015,2799.997367972138,2799.9971784046857,2799.9969754742397,2799.9967582616805,2799.9965257864487,2799.996277002576,2799.996010794467,2799.9957259724233,2799.99542126789,2799.9950953284083,2799.994746712264,2799.994373882802,2799.993975202402,2799.993548926083,2799.993093194723,2799.99260602787,2799.99208531612,2799.9915288130396,2799.9909341266034,2799.990298710127,2799.9896198526567,2799.988894668796,2799.9881200879295,2799.9872928428167,2799.986409457518,2799.985466234618,2799.9844592417066,2799.9833842970816,2799.9822369546227,2799.981012487803,2799.9797058727836,2799.9783117705474,2799.9768245080218,2799.9752380581326,2799.973546018741,2799.971741590398,2799.9698175528592,2799.9677662403,2799.9655795151602,2799.9632487405465,2799.96076475113,2799.958117822452,2799.955297638573,2799.9522932579675,2799.949093077591,2799.945684795026,2799.9420553686155,2799.9381909754857,2799.9340769673595,2799.929697824058,2799.9250371045796,2799.920077395642,2799.9148002575803,2799.90918616747,2799.903214459352,2799.896863261435,2799.8901094301377,2799.882928480827,2799.87529451512,2799.86718014459,2799.8585564107293,2799.8493927010113,2799.8396566608844,2799.8293141015342,2799.8183289032395,2799.8066629141454,2799.7942758442678,2799.7811251545463,2799.7671659407506,2799.752350812043,2799.7366297639974,2799.719950045866,2799.7022560218866,2799.683489026411,2799.6635872126394,2799.642485394738,2799.6201148831083,2799.5964033125842,2799.571274463322,2799.5446480741457,2799.5164396481123,2799.4865602500545,2799.4549162958633,2799.421409333263,2799.385935813839,2799.348386856075,2799.3086479991616,2799.266598947322,2799.222113304437,2799.175058298715,2799.1252944971916,2799.072675509816,2799.0170476829194,2798.958249781841,2798.896112662508,2798.8304589317772,2798.7611025963442,2798.6878487000513,2798.610492949434,2798.5288213273534,2798.442609694589,2798.351623379277,2798.2556167541047,2798.154332801182,2798.0475026645513,2797.934845190306,2797.8160664543243,2797.6908592776526,2797.5589027296064,2797.419861618681,2797.273385971416,2797.119110499384,2796.9566540545225,2796.7856190730654,2796.6055910083805,2796.4161377530772,2796.216809050778,2796.0071358980294,2795.7866299368648,2795.5547828386034,2795.311065679528,2795.0549283091536,2794.785798711863,2794.5030823627685,2794.2061615787206,2793.89439486547,2793.567116262072,2793.223634683698,2792.8632332641155,2792.485168699174,2792.088670592742,2791.672940806608,2791.237152815995,2790.7804510723868,2790.3019503754995,2789.800735256324,2789.2758593732588,2788.726344923462,2788.151182071659,2787.5493283987394,2786.919708372584,2786.2612128436717,2785.572698568107,2784.8529877608235,2784.100867681807,2783.3150902582947,2782.494371745981,2781.6373924323684,2780.7427963854834,2779.809191251252,2778.835148102922,2777.819201345972,2776.75984868202,2775.655551135301,2774.5047331453156,2773.3057827293196,2772.0570517183032,2770.756856070176,2769.403476263838,2767.9951577778234,2766.530111657183,2765.0065151722183,2763.422512572638,2761.776215940627,2760.065706146235,2758.289033908373,2756.4442209645877,2754.5292613526262,2752.5421228066343,2750.480748270643,2748.3430575317725,2746.126948975353,2743.830301463882,2741.4509763414626,2738.9868195650492,2736.4356639634684,2733.795331624844,2731.0636364126335,2728.238386610081,2725.3173876924375,2722.2984452258274,2719.1793678911395,2715.9579706308054,2712.6320779157713,2709.1995271294045,2705.6581720644785,2702.0058865287733,2698.240568054191,2694.360141703638,2690.362563969257,2686.2458267549255,2682.007961435241,2677.647042982515,2673.1611941526144,2668.548589719776,2663.8074607498247,2658.936098900548,2653.932860737279,2648.796172051103,2643.524532166434,2638.116518224104,2632.570789425514,2626.8860912228333,2621.061259439734,2615.09522430666,2608.987014394227,2602.7357604279796,2596.3406989674286,2589.8011759320716,2583.1166499569354,2576.286695560092,2569.311006104622,2562.1893965375766,2554.9218058886963,2547.5082995119083,2539.9490710530454,2532.2444441277034,2524.394873693772,2516.400947103898,2508.263384823972,2499.9830408046823,2491.560902494254,2482.9980904816753,2474.2958577610148,2465.4555886088588,2456.4787970684147,2447.3671250354714,2438.1223399431397,2428.7463320441334,2419.2411112912705,2409.608803818877,2399.8516480298513,2389.9719902952806,2379.972280275671,2369.8550658750833,2359.622987841696,2349.278774030553,2338.825233346491,2328.2652493874466,2317.601773810492,2306.837819445048,2295.9764531797346,2285.0207886512203,2273.9739787652247,2262.839208081472,2251.619685095874,2240.318634454528,2228.939289135218,2217.484882633004,2205.9586411871237,2194.3637760868687,2182.7034760942147,2170.9809000208825,2159.1991694970916,2147.361361968563,2135.4705039573532,2123.5295646207906,2111.5414496412186,2099.508995477356,2087.4349640059377,2075.3220375798464,2063.1728145262664,2050.9898051054315,2038.7754279473963,2026.5320069808902,2014.2617688647929,2001.9668409291014,1989.6492496284875,1977.310919507712,1964.9536726742865,1952.5792287699187,1940.1892054284765,1927.7851192044884,1915.368386952633,1902.940327635277,1890.5021645319528,1878.0550278217654,1865.5999575071125,1853.1379066448355,1840.6697448490193,1828.1962620281556,1815.7181723182969,1803.2361181731706,1790.7506745720232,1778.262353306195,1765.7716073061226,1753.2788349715856,1740.7843844695653,1728.2885579660308,1715.7916157602783,1703.2937802931021,1690.7952400030135,1678.2961530079017,1665.7966505929044,1653.296840488766,1640.796565446727,1628.2946878748999,1615.7902464759127,1603.2811496462296,1590.764044861871,1578.2339208842277,1565.6827537020501,1553.0987594268577,1540.464438724704,1527.754395382798,1514.932890987865,1501.949929624263,1488.7373203582963,1475.204002641952,1461.2308359707781,1446.6657943538828,1431.3197603278777,1414.9641153427247,1397.3312749934385,1378.1193469189116,1357.0024446447624,1333.6473183473497,1307.7365556166924,1278.9974258419122,1247.233549373876,1212.3552550008285,1174.4029864694871,1133.5576309454711,1090.1328001552733,1044.5468569702148,997.2771048583984,948.8037365722656,899.5552978515625,849.8686218261719,799.9725341796875,749.9969482421875,700.0,650.0,600.0,550.0,500.0,450.0,400.0,350.0,300.0,250.0,200.0,150.0,100.0,50.0,0.0
15,2999.9999999115703,2999.9999999043785,2999.9999998966077,2999.9999998882113,2999.999999879139,2999.999999869338,2999.999999858749,2999.9999998473104,2999.9999998349545,2999.999999821608,2999.9999998071926,2999.9999997916234,2999.9999997748096,2999.9999997566524,2999.999999737046,2999.999999715875,2999.9999996930164,2999.9999996683373,2999.9999996416936,2999.999999612932,2999.9999995818844,2999.9999995483718,2999.9999995122007,2999.9999994731625,2999.999999431032,2999.999999385568,2999.9999993365095,2999.9999992835747,2999.999999226461,2999.999999164843,2999.999999098369,2999.9999990266606,2999.999998949311,2999.9999988658806,2999.999998775898,2999.9999986788544,2999.9999985742024,2999.999998461353,2999.999998339671,2999.9999982084737,2999.999998067027,2999.999997914538,2999.9999977501575,2999.9999975729684,2999.9999973819854,2999.999997176148,2999.999996954316,2999.9999967152617,2999.9999964576655,2999.999996180108,2999.999995881062,2999.9999955588855,2999.999995211813,2999.999994837946,2999.9999944352435,2999.999994001511,2999.9999935343894,2999.9999930313434,2999.999992489648,2999.999991906374,2999.9999912783737,2999.9999906022654,2999.9999898744145,2999.999989090917,2999.999988247579,2999.9999873398942,2999.9999863630237,2999.9999853117697,2999.99998418055,2999.999982963371,2999.999981653796,2999.999980244915,2999.999978729309,2999.999977099015,2999.9999753454836,2999.999973459541,2999.999971431341,2999.999969250317,2999.999966905132,2999.999964383623,2999.999961672739,2999.9999587584816,2999.9999556258354,2999.9999522586954,2999.999948639791,2999.9999447506025,2999.999940571271,2999.999936080507,2999.999931255485,2999.9999260717404,2999.9999205030485,2999.999914521305,2999.999908096392,2999.999901196037,2999.999893785662,2999.999885828224,2999.9998772840395,2999.999868110605,2999.999858262398,2999.9998476906676,2999.9998363432123,2999.9998241641388,2999.999811093609,2999.999797067568,2999.999782017453,2999.9997658698835,2999.9997485463305,2999.9997299627653,2999.999710029283,2999.999688649701,2999.999665721132,2999.9996411335273,2999.999614769193,2999.9995865022693,2999.999556198181,2999.999523713047,2999.999488893056,2999.999451573797,2999.9994115795494,2999.999368722525,2999.9993228020617,2999.999273603764,2999.999220898591,2999.9991644418806,2999.9991039723163,2999.9990392108243,2999.9989698594,2999.998895599863,2999.9988160925277,2999.9987309747953,2999.9986398596507,2999.9985423340695,2999.998437957321,2999.998326259167,2999.998206737946,2999.9980788585385,2999.997942050205,2999.9977957042893,2999.997639171781,2999.997471760724,2999.9972927334684,2999.997101303752,2999.996896633602,2999.996677830047,2999.9964439416317,2999.996193954716,2999.995926789551,2999.9956412961164,2999.995336249711,2999.995010346273,2999.994662197424,2999.9942903252154,2999.9938931565603,2999.993469017339,2999.9930161261527,2999.99253258771,2999.9920163858233,2999.991465375999,2999.9908772775893,2999.9902496654936,2999.9895799613732,2999.9888654243628,2999.988103141245,2999.987290016062,2999.9864227591347,2999.985497875454,2999.984511652415,2999.983460146861,2999.982339171392,2999.981144279911,2999.97987075236,2999.9785135786087,2999.97706744145,2999.975526698655,2999.973885364047,2999.9721370875345,2999.970275134061,2999.968292361409,2999.9661811968085,2999.963933612285,2999.9615410986926,2999.9589946383576,2999.9562846762774,2999.953401089794,2999.950333156682,2999.9470695215596,2999.943598160561,2999.9399063441765,2999.9359805981812,2999.9318066625633,2999.9273694483595,2999.922652992304,2999.917640409193,2999.9123138418636,2999.9066544086763,2999.9006421484037,2999.8942559623983,2999.887473553935,2999.880271364598,2999.8726245075986,2999.8645066978847,2999.8558901789147,2999.846745645962,2999.8370421658065,2999.826747092667,2999.815825980232,2999.804242489631,2999.7919582931922,2999.778932973828,2999.765123919881,2999.7504862152637,2999.734972524722,2999.7185329740432,2999.701115025035,2999.6826633450846,2999.6631196711237,2999.6424226678027,2999.6205077796826,2999.5973070772543,2999.572749096589,2999.5467586724158,2999.5192567644317,2999.4901602766413,2999.4593818695175,2999.4268297647927,2999.392407542659,2999.3560139311917,2999.3175425877807,2999.276881872377,2999.2339146123477,2999.1885178587486,2999.1405626338196,2999.0899136695125,2999.036429136867,2998.979960366058,2998.9203515569407,2998.8574394799284,2998.791053167047,2998.7210135930227,2998.6471333462655,2998.56921628962,2998.487057210782,2998.4004414622773,2998.3091445909263,2998.2129319567275,2998.1115583411206,2998.004767544599,2997.8922919736747,2997.7738522172117,2997.6491566121786,2997.51790079889,2997.3797672658393,2997.23442488426,2997.081528432574,2996.920718110932,2996.751619046081,2996.573840786837,2996.386976790474,2996.190603900395,2995.9842818154884,2995.7675525516197,2995.5399398957634,2995.3009488533307,2995.0500650893,2994.786754363813,2994.5104619629683,2994.2206121255886,2993.916607466818,2993.597828399457,2993.263632554021,2992.9133541985702,2992.5463036594356,2992.161766744036,2991.7590041670546,2991.337250981327,2990.89571601486,2990.433581315494,2989.950001604786,2989.444103742788,2988.9149862054614,2988.3617185765715,2987.7833410559606,2987.1788639862116,2986.547267399778,2985.887500588734,2985.1984816993995,2984.479097354154,2983.728202302838,2982.944619106221,2982.1271378540787,2981.2745159204956,2980.3854777590773,2979.4587147408124,2978.492885037385,2977.4866135527895,2976.438491906146,2975.347078468643,2974.210898457591,2973.0284440905652,2971.798174802649,2970.5185175297997,2969.1878670613355,2967.804586464554,2966.3670075844507,2964.8734316214727,2963.3221297902005,2961.7113440617813,2960.0392879928654,2958.3041476437056,2956.5040825879714,2954.6372270167103,2952.7016909387557,2950.695561479709,2948.616904281472,2946.4637650041,2944.234170931535,2941.9261326825704,2939.537646028118,2937.0666938156173,2934.5112480011044,2931.869271789186,2929.138721880808,2926.317550828384,2923.403709497467,2920.3951496337804,2917.289826534003,2914.085701818298,2910.7807463021218,2907.3729429644172,2903.8602900087917,2900.2408040138275,2896.512523168159,2892.6735105854395,2888.7218576938126,2884.655687693965,2880.473159079313,2876.1724692113326,2871.751857942502,2867.209611278805,2862.5440650731825,2857.7536087408166,2852.8366889865993,2847.791813534645,2842.617554849201,2837.3125538358613,2831.875523511521,2826.305252631107,2820.600609258728,2814.7605442705185,2808.7840947761565,2802.6703874457485,2796.418641728548,2790.0281729498006,2783.498395271878,2776.828824505816,2770.0190807593394,2763.0688909075425,2755.97809087251,2748.746627698374,2741.3745614085647,2733.8620666323795,2726.209433988424,2718.417071212979,2710.4855040219686,2702.4153766958607,2694.2074523776128,2685.8626130746115,2677.381859356504,2668.7663097418153,2660.01719976736,2651.135880735617,2642.123818136496,2632.982589741243,2623.7138833676145,2614.319494316908,2604.801322484933,2595.161369150564,2585.4017334471073,2575.5246085233393,2565.5322774027263,2555.4271085509827,2545.211551163817,2534.888130188337,2524.4594410932486,2513.928144404579,2503.2969600252127,2492.5686613580306,2481.7460692538916,2470.8320458070275,2459.8294880216877,2448.74132137502,2437.570493302183,2426.319966630593,2414.992712990943,2403.591706233215,2392.1199158763443,2380.5803006204123,2368.975801950323,2357.309337859778,2345.583796724034,2333.802031349385,2321.966853226591,2310.081027014521,2298.1472652791344,2286.1682235115795,2274.1464954476583,2262.084608709152,2249.985020785626,2237.8501153732414,2225.682199084872,2213.4834985434854,2201.2561578682294,2189.0022365601194,2176.7237077915374,2164.4224571010486,2152.100281492293,2139.7588889329627,2127.3998982471326,2115.0248393915476,2102.6351541038425,2090.2321969081813,2077.8172364614124,2065.3914572206263,2052.95596141095,2040.5117712705792,2028.0598315484303,2015.6010122284251,2003.136111453307,1990.6658586200483,1978.1909176183563,1965.711890183512,1953.229319334817,1940.7436928712286,1928.2554468963833,1915.7649693460903,1903.2726034925277,1890.7786514007755,1878.283377314954,1865.7870109530572,1853.2897506915974,1840.7917666233166,1828.2932034735088,1815.7941833628356,1803.2948084069249,1790.795163145441,1778.2953167957007,1765.7953253282212,1753.294497648541,1740.7923447041778,1728.2878489195896,1715.779132392452,1703.2635769100043,1690.7369073440957,1678.1926650419618,1665.6212852220528,1653.008649559878,1640.334545417706,1627.5703314085545,1614.676224092405,1601.5980528020118,1588.2632146161584,1574.5764996080538,1560.4156788578116,1545.627355073671,1530.0238741765638,1513.381953999245,1495.4441476706127,1475.9241799985007,1454.5170850035631,1430.9148230882147,1404.8272015316672,1376.0070847159848,1344.2776138152772,1309.5578017886419,1271.8820542034077,1231.4088534059867,1188.4147203424864,1143.2718097395018,1096.4108193237305,1048.2747816772462,999.2724584960938,949.7411804199219,899.9270629882812,849.9855041503906,799.9984741210938,750.0,700.0,650.0,600.0,550.0,500.0,450.0,400.0,350.0,300.0,250.0,200.0,150.0,100.0,50.0,0.0
16,3199.9999996667702,3199.999999640369,3199.9999996118977,3199.9999995811963,3199.9999995480916,3199.9999995123976,3199.9999994739137,3199.9999994324253,3199.9999993877,3199.999999339488,3199.999999287521,3199.9999992315097,3199.999999171143,3199.9999991060863,3199.9999990359793,3199.9999989604353,3199.999998879037,3199.9999987913366,3199.9999986968523,3199.999998595066,3199.9999984854194,3199.9999983673133,3199.9999982401037,3199.9999981030974,3199.9999979555487,3199.9999977966577,3199.999997625563,3199.99999744134,3199.9999972429932,3199.9999970294543,3199.999996799575,3199.999996552121,3199.9999962857664,3199.9999959990873,3199.9999956905526,3199.999995358519,3199.9999950012207,3199.9999946167613,3199.9999942031045,3199.9999937580637,3199.99999327929,3199.999992764262,3199.999992210274,3199.999991614419,3199.9999909735784,3199.9999902844042,3199.999989543303,3199.9999887464187,3199.9999878896137,3199.9999869684475,3199.999985978157,3199.999984913631,3199.9999837693886,3199.999982539549,3199.999981217805,3199.9999797973933,3199.99997827106,3199.999976631029,3199.99997486896,3199.9999729759143,3199.9999709423078,3199.999968757868,3199.999966411585,3199.9999638916593,3199.999961185446,3199.999958279396,3199.999955158993,3199.9999518086843,3199.9999482118105,3199.9999443505258,3199.999940205718,3199.999935756918,3199.999930982208,3199.9999258581183,3199.9999203595225,3199.999914459521,3199.9999081293186,3199.9999013380966,3199.9998940528703,3199.9998862383422,3199.999877856743,3199.9998688676606,3199.9998592278635,3199.999848891104,3199.9998378079163,3199.9998259253953,3199.9998131869647,3199.9997995321264,3199.9997848961975,3199.999769210026,3199.99975239969,3199.999734386177,3199.9997150850418,3199.999694406042,3199.999672252751,3199.999648522143,3199.9996231041546,3199.9995958812156,3199.999566727751,3199.9995355096485,3199.999502083697,3199.999466296981,3199.999427986245,3199.9993869772093,3199.999343083849,3199.9992961076227,3199.9992458366555,3199.9991920448656,3199.9991344910413,3199.999072917857,3199.999007050826,3199.9989365971924,3199.998861244748,3199.998780660579,3199.998694489734,3199.9986023538104,3199.9985038494497,3199.9983985467443,3199.998285987544,3199.998165683657,3199.998037114945,3199.9978997272983,3199.9977529304883,3199.9975960958895,3199.9974285540643,3199.997249592202,3199.997058451402,3199.996854323795,3199.9966363494914,3199.9964036133465,3199.996155141535,3199.99588989792,3199.9956067802086,3199.9953046158803,3199.994982157873,3199.994638080021,3199.9942709722227,3199.9938793353263,3199.99346157572,3199.9930159996084,3199.992540806957,3199.992034085091,3199.991493801923,3199.990917798798,3199.9903037829276,3199.9896493193955,3199.9889518227114,3199.9882085478885,3199.987416581019,3199.9865728293234,3199.9856740106457,3199.9847166423597,3199.9836970296706,3199.982611253263,3199.981455156275,3199.9802243305594,3199.978914102197,3199.977519516219,3199.9760353205115,3199.9744559488468,3199.9727755030103,3199.9709877339715,3199.969086022052,3199.9670633560513,3199.964912311264,3199.962625026354,3199.960193179014,3199.9576079603644,3199.954860048028,3199.951939577819,3199.948836113981,3199.9455386179116,3199.9420354152962,3199.93831416159,3199.9343618057615,3199.930164552231,3199.9257078209166,3199.9209762053065,3199.9159534284727,3199.910622296938,3199.9049646522985,3199.898961320514,3199.8925920587626,3199.885835499759,3199.8786690934344,3199.8710690458647,3199.863010255343,3199.854466245473,3199.8454090951723,3199.8358093654624,3199.8256360229184,3199.8148563596533,3199.803435909704,3199.791338361686,3199.7785254675755,3199.7649569474834,3199.7505903902706,3199.7353811498633,3199.719282237115,3199.702244207061,3199.6842150414136,3199.6651400261358,3199.6449616239324,3199.623619341502,3199.6010495913724,3199.5771855481657,3199.551956999114,3199.5252901886606,3199.4971076569755,3199.467328072208,3199.4358660563134,3199.402632004268,3199.367531896515,3199.330467104457,3199.291334188832,3199.2500246908,3199.2064249155774,3199.1604157084544,3199.1118722230317,3199.0606636815255,3199.006653126982,3198.949697167265,3198.8896457106675,3198.826341693017,3198.7596207961533,3198.6893111576524,3198.615233071703,3198.537198681028,3198.4550116597666,3198.368466887258,3198.277350112648,3198.1814376102957,3198.080495825938,3197.9742810136127,3197.862538863341,3197.7450041196075,3197.621400190683,3197.4914387488643,3197.3548193217357,3197.2112288745657,3197.060341384004,3196.901817403251,3196.7353036189143,3196.560432399802,3196.3768213379212,3196.1840727820104,3195.981773363945,3195.7694935184195,3195.546786996332,3195.313190372349,3195.0682225471774,3194.811384245104,3194.54215750742,3194.2600051824033,3193.9643704125665,3193.654676119954,3193.3303244903,3192.9906964569473,3192.635151185453,3192.2630255598933,3191.8736336719235,3191.466266313719,3191.040190475984,3190.5946488522823,3190.128859351001,3189.642014616338,3189.133281559755,3188.601800903414,3188.0466867371874,3187.4670260908724,3186.8618785233502,3186.2302757304515,3185.5712211733867,3184.8836897296455,3184.1666273683472,3183.4189508520676,3182.6395474672427,3181.8272747852934,3180.9809604566826,3180.0994020401517,3179.1813668694385,3178.2255919598247,3177.230783956893,3176.1956191299055,3175.118743412258,3173.9987724914645,3172.8342919511656,3171.6238574676463,3170.36599506336,3169.059201419947,3167.701944253219,3166.292662752568,3164.8297680872074,3163.311643981632,3161.736647362615,3160.10310908,3158.409334703484,3156.6536053974723,3154.8341788760176,3152.9492904397252,3150.9971540963834,3148.975963766944,3146.8838945783205,3144.719104244306,3142.479734535732,3140.163912840791,3137.7697538162365,3135.2953611299445,3132.738829295082,3130.098245595872,3127.3716921046675,3124.5572477897686,3121.6529907131085,3118.6570003166235,3115.5673597957925,3112.3821585584874,3109.0994947669224,3105.717477960123,3102.2342317539565,3098.6478966153845,3094.9566327071843,3091.1586227990038,3087.2520752401833,3083.235226989374,3079.1063466955507,3074.8637378246117,3070.505741825313,3066.03074132789,3061.4371633682763,3056.723482630441,3051.8882246989533,3046.9299693134863,3041.847353616602,3036.639075385801,3031.303896240449,3025.8406448139085,3020.248219880861,3014.5255934295674,3008.671813668541,3002.6860079569137,2996.567385647591,2990.3152408321457,2983.9289549763125,2977.4079994348804,2970.751937834771,2963.960428315132,2957.0332256133565,2949.9701829860933,2942.7712539544905,2935.4364938631943,2927.9660612429107,2920.360218966729,2912.619335190832,2904.743884070716,2896.734446244594,2888.591709076289,2880.316466650594,2871.909619514826,2863.372174161098,2854.7052422447127,2845.910039534972,2836.987884595699,2827.940197193779,2818.7684964350915,2809.4743986283393,2800.05961487842,2790.525948412176,2780.875291640584,2771.109622962669,2761.2310033177037,2751.241572493491,2741.1435451998236,2730.9392069174437,2720.630909534091,2710.2210667804447,2699.712149479946,2689.1066806276554,2678.407230314383,2667.616410513388,2656.736869747906,2645.771287658675,2634.7223694914373,2623.592840525115,2612.385440461989,2601.102917801701,2589.748024221311,2578.323508983897,2566.8321133983422,2555.2765653529327,2543.6595739452932,2531.9838242308792,2520.2519721118456,2508.46663938754,2496.630408987162,2484.745820404267,2472.8153653518134,2460.841483655302,2448.8265594002996,2436.772917349246,2424.682819640936,2412.5584627844414,2400.401974957536,2388.2154136178706,2376.0007634332856,2363.759934535697,2351.494761101035,2339.2070002556884,2326.8983313079175,2314.5703553006592,2302.224594880191,2289.862494473158,2277.485420762595,2265.0946634517586,2252.691436302894,2240.2768784364325,2227.8520558746704,2215.4179633126378,2202.975526097694,2190.525602398377,2178.0689855422143,2165.606406501551,2153.138536506011,2140.6659897599425,2128.189326243164,2115.7090545734513,2103.2256349095646,2090.7394818741354,2078.2509674764497,2065.7604240160495,2053.2681469491263,2040.774397700861,2028.2794064081993,2015.7833745789737,2003.2864776548172,1990.788867466898,1978.2906745751613,1965.7920104834263,1953.2929697243676,1940.7936318100687,1928.2940630454545,1915.7943182034696,1903.2944420623542,1890.794470806745,1878.2941332065652,1865.7931032676895,1853.2908897396783,1840.786454151135,1828.2784106537292,1815.7644766032804,1803.241104286971,1790.70307618149,1778.1425754529755,1765.548243561855,1752.9038220817483,1740.1863589414438,1727.3640683230094,1714.3935912283127,1701.216851048071,1687.7574780037369,1673.916903205462,1659.5705917947657,1644.5646839814779,1628.713689105144,1611.800023136617,1593.5761720966702,1573.7703901940954,1552.0966327175784,1528.269085436656,1502.021085869749,1473.1273486512832,1441.427495770899,1406.8479068258134,1369.4181998363497,1329.2785978840575,1286.6751415647075,1241.9414297234282,1195.46813910437,1147.6644684692383,1098.9181176147463,1049.5614535522461,999.8504486083984,949.959716796875,899.9923706054688,849.9992370605469,800.0,750.0,700.0,650.0,600.0,550.0,500.0,450.0,400.0,350.0,300.0,250.0,200.0,150.0,100.0,50.0,0.0
17,3399.9999988237378,3399.999998733001,3399.9999986353455,3399.999998530251,3399.9999984171577,3399.999998295464,3399.999998164525,3399.999998023647,3399.9999978720857,3399.999997709041,3399.9999975336546,3399.999997345004,3399.9999971420993,3399.999996923879,3399.9999966892005,3399.9999964368412,3399.9999961654858,3399.9999958737244,3399.9999955600433,3399.9999952228186,3399.999994860307,3399.9999944706396,3399.99999405181,3399.9999936016666,3399.9999931179022,3399.9999925980405,3399.9999920394266,3399.9999914392138,3399.9999907943493,3399.99999010156,3399.999989357336,3399.9999885579155,3399.9999876992656,3399.999986777063,3399.999985786675,3399.999984723137,3399.9999835811277,3399.9999823549465,3399.9999810384847,3399.999979625198,3399.999978108077,3399.9999764796116,3399.99997473176,3399.999972855909,3399.9999708428345,3399.99996868266,3399.999966364811,3399.999963877966,3399.999961210005,3399.999958347956,3399.9999552779336,3399.9999519850785,3399.9999484534883,3399.999944666148,3399.999940604853,3399.9999362501258,3399.999931581133,3399.9999265755887,3399.999921209658,3399.999915457852,3399.999909292912,3399.999902685695,3399.9998956050404,3399.999888017638,3399.999879887882,3399.999871177714,3399.9998618464606,3399.9998518506577,3399.999841143863,3399.9998296764556,3399.9998173954264,3399.9998042441493,3399.9997901621427,3399.999775084812,3399.9997589431773,3399.9997416635833,3399.99972316739,3399.999703370645,3399.999682183731,3399.999659510996,3399.999635250357,3399.9996092928786,3399.9995815223247,3399.999551814682,3399.9995200376557,3399.999486050129,3399.9994497015914,3399.9994108315323,3399.9993692687913,3399.999324830876,3399.99927732323,3399.999226538458,3399.999172255504,3399.9991142387776,3399.999052237225,3399.998985983345,3399.9989151921436,3399.998839560025,3399.9987587636106,3399.9986724584955,3399.9985802779174,3399.9984818313546,3399.9983767030335,3399.998264450347,3399.9981446021798,3399.9980166571304,3399.9978800816275,3399.9977343079345,3399.9975787320336,3399.9974127113865,3399.9972355625596,3399.997046558711,3399.996844926929,3399.996629845412,3399.996400440487,3399.996155783451,3399.9958948872286,3399.9956167028377,3399.9953201156477,3399.9950039414243,3399.994666922144,3399.994307721571,3399.99392492058,3399.993517012212,3399.9930823964505,3399.9926193747,3399.992126143955,3399.9916007906395,3399.9910412841,3399.9904454697394,3399.989811061762,3399.9891356355224,3399.988416619446,3399.9876512865085,3399.986836745246,3399.985969930271,3399.9850475922763,3399.984066287493,3399.9830223665786,3399.9819119629087,3399.980730980237,3399.9794750796973,3399.9781396661165,3399.976719873596,3399.9752105503367,3399.973606242663,3399.9719011782136,3399.9700892482497,3399.9681639890528,3399.966118562356,3399.963945734768,3399.9616378561464,3399.9591868368657,3399.9565841239328,3399.953820675895,3399.950886936487,3399.9477728069637,3399.9444676170465,3399.940960094439,3399.937238332838,3399.9332897583745,3399.929101094419,3399.924658324682,3399.919946654529,3399.9149504704474,3399.9096532975686,3399.904037755186,3399.8980855101663,3399.8917772281816,3399.8850925226666,3399.8780099014093,3399.8705067106866,3399.862559076841,3399.8541418452023,3399.845228516251,3399.83579117892,3399.8258004409204,3399.8152253559883,3399.8040333479344,3399.7921901313784,3399.779659629054,3399.7664038855582,3399.752382977424,3399.7375549193866,3399.7218755667145,3399.705298513475,3399.6877749866007,3399.669253735615,3399.649680917886,3399.628999979266,3399.6071515299714,3399.584073215562,3399.5596995828796,3399.5339619407896,3399.506788215591,3399.478102800936,3399.447826402121,3399.415875874594,3399.382164056536,3399.3465995953666,3399.3090867680276,3399.2695252949043,3399.227810147235,3399.183831347872,3399.1374737652604,3399.0886169004934,3399.0371346673137,3398.9828951649415,3398.9257604436043,3398.865586262648,3398.8022218411293,3398.7355096007805,3398.6652849012544,3398.5913757675653,3398.5136026096466,3398.4317779339626,3398.3457060471164,3398.2551827514117,3398.159995032343,3398.059920737989,3397.9547282503236,3397.8441761484414,3397.7280128637494,3397.605976327164,3397.4777936083874,3397.3431805473574,3397.201841377985,3397.0534683443134,3396.897741309263,3396.7343273561523,3396.5628803832083,3396.3830406913094,3396.1944345652396,3395.9966738487537,3395.7893555137994,3395.5720612242653,3395.344356894663,3395.105792244196,3394.8559003466917,3394.5941971769275,3394.320181153919,3394.033332681771,3393.7331136887547,3393.418967165305,3393.090316701681,3392.7465660260887,3392.3870985441044,3392.0112768802915,3391.618442422953,3391.2079148730204,3390.7789917981136,3390.3309481928923,3389.8630360468333,3389.374483920659,3388.864496532669,3388.3322543563036,3387.7769132303038,3387.197603982899,3386.593432071504,3385.963477239461,3385.3067931914093,3384.6224072889304,3383.9093202681465,3383.1665059810202,3382.3929111621333,3381.587455222777,3380.7490300742243,3379.876499982092,3378.9687014537476,3378.024443160734,3377.042505898221,3376.0216425835283,3374.960578295766,3373.8580103586683,3372.712608468704,3371.523014870552,3370.2878445820306,3369.0056856705573,3367.6750995832103,3366.294621532439,3364.8627609394393,3363.378001937174,3361.838803934983,3360.2436022466577,3358.590808783813,3356.878812816296,3355.10598180131,3353.2706622828277,3351.371180862768,3349.4058452453037,3347.3729453555356,3345.2707545336434,3343.0975308054694,3340.85151823034,3338.530948326754,3336.134041576393,3333.659009006716,3331.1040538521875,3328.467373293984,3325.747160277791,3322.9416054090584,3320.048898924849,3317.0672327411294,3313.9948025741096,3310.829810133929,3307.5704653887224,3304.214988896776,3300.761614204202,3297.2085903052152,3293.5541841618087,3289.796683279269,3285.9343983336576,3281.9656658470517,3277.888850905988,3273.702349918232,3269.4045934026476,3264.994048806617,3260.469223345116,3255.828666855245,3251.070974659674,3246.194790432173,3241.1988090580803,3236.081779482291,3230.8425075370596,3225.479858741672,3219.9927610657896,3214.3802076480647,3208.641259461417,3202.7750479162105,3196.780777392407,3190.657727691679,3184.405256400367,3178.022801154118,3171.509881795042,3164.8661024122193,3158.091153256476,3151.1848125204333,3144.146947974974,3136.977518453466,3129.676575175305,3122.2442629006064,3114.680820908213,3106.986583789535,3099.1619820511632,3091.2075425196513,3083.1238885423754,3074.911739978933,3066.5719129781373,3058.10531953632,3049.5129668333343,3040.7959563433815,3031.955482718565,3022.992832443868,3013.9093822631066,3004.7065973762747,2995.386029409606,2985.9493141606076,2976.39816912125,2966.7343907834884,2956.959851732241,2947.076497531937,2937.086343413741,2926.9914707715143,2916.794023475561,2906.496204014141,2896.1002694736653,2885.608527369386,2875.023331339253,2864.3470767144295,2853.582195980732,2842.7311541459812,2831.7964440288874,2820.7805814857147,2809.68610059145,2798.5155487926727,2787.271482049642,2775.9564599854184,2764.5730410599776,2753.1237777873766,2741.6112120139846,2730.0378702756852,2718.4062592517125,2706.718861332445,2694.978130318051,2683.1864872643123,2671.3463164913123,2659.4599617699137,2647.5297227000883,2635.5578512942166,2623.5465487774304,2611.497962615936,2599.414183783057,2587.297244271448,2575.149114858591,2562.9717031312935,2550.766851773458,2538.536337119919,2526.2818679776547,2514.0050847141447,2501.707558611168,2489.3907914808046,2477.0562155389457,2464.705193530176,2452.3390190964974,2439.958917381031,2427.566045856586,2415.1614953677968,2402.7462913744503,2390.3213953826494,2377.887706549589,2365.44606344697,2352.997245967456,2340.541977358089,2328.080926364222,2315.6147094673092,2303.1438931998246,2290.668996520623,2278.1904932342813,2265.7088144382706,2253.2243509822765,2240.7374559245795,2228.248446971087,2215.7576088834367,2203.265195843467,2190.771433762358,2178.2765225237795,2165.7806381515175,2153.2839348931916,2140.786547212874,2128.288591686624,2115.790168796153,2103.291364617037,2090.7922523990437,2078.2928940372913,2065.7933414340014,2053.2936377516503,2040.7938185592304,2028.293912874215,2015.7939441035646,2003.2938251616745,1990.7933321198793,1978.2922221774047,1965.7899735480644,1953.2858138895635,1940.7785245114378,1928.266159283197,1915.7458644152591,1903.213318176789,1890.6621597502976,1878.0832152136243,1865.4633542457586,1852.784133038542,1840.020022515229,1827.1362229487095,1814.0860869559751,1800.8081055889406,1787.2226199495685,1773.2283888510663,1758.6992996983956,1743.4816961913293,1727.392800587893,1710.220917194308,1691.7281452834718,1671.6562674303266,1649.736362763983,1625.7023353338702,1599.308037950162,1570.3469904636681,1538.6728950575875,1504.218441463892,1467.0093871568852,1427.170867487957,1384.9235351395641,1340.5684723950708,1294.4618032254339,1246.9821767274398,1198.4962143505097,1149.3279602317812,1099.737802848816,1049.9141521453857,999.977855682373,949.9959945678711,899.9996185302734,850.0,800.0,750.0,700.0,650.0,600.0,550.0,500.0,450.0,400.0,350.0,300.0,250.0,200.0,150.0,100.0,50.0,0.0
18,3599.9999960950536,3599.9999958019484,3599.999995487127,3599.9999951490017,3599.9999947858732,3599.9999943959183,3599.999993977184,3599.999993527577,3599.9999930448535,3599.99999252661,3599.999991970272,3599.9999913730794,3599.999990732077,3599.999990044099,3599.9999893057543,3599.999988513411,3599.99998766318,3599.9999867508973,3599.999985772103,3599.9999847220233,3599.9999835955473,3599.9999823872035,3599.9999810911363,3599.9999797010773,3599.9999782103187,3599.9999766116825,3599.9999748974888,3599.999973059519,3599.9999710889824,3599.9999689764736,3599.9999667119328,3599.9999642846014,3599.999961682972,3599.9999588947394,3599.9999559067464,3599.9999527049254,3599.999949274236,3599.9999455986012,3599.999941660836,3599.9999374425734,3599.999932924184,3599.999928084692,3599.9999229016844,3599.999917351215,3599.9999114077023,3599.999905043818,3599.9998982303746,3599.9998909361975,3599.9998831279963,3599.999874770223,3599.9998658249215,3599.9998562515707,3599.9998460069132,3599.999835044776,3599.9998233158785,3599.9998107676283,3599.9997973439054,3599.9997829848294,3599.9997676265148,3599.9997512008104,3599.9997336350216,3599.9997148516136,3599.999694767899,3599.999673295706,3599.99965034102,3599.999625803609,3599.9995995766253,3599.9995715461773,3599.999541590879,3599.99950958137,3599.9994753798082,3599.999438839326,3599.9993998034574,3599.999358105529,3599.9993135680124,3599.999266001838,3599.9992152056657,3599.9991609651124,3599.9991030519327,3599.9990412231477,3599.9989752201245,3599.9989047675963,3599.998829572626,3599.998749323509,3599.9986636886038,3599.998572315101,3599.998474827713,3599.9983708272885,3599.998259889344,3599.998141562507,3599.9980153668707,3599.99788079225,3599.997737296332,3599.9975843027273,3599.997421198894,3599.9972473339544,3599.9970620163776,3599.9968645115277,3599.9966540390737,3599.996429770249,3599.9961908249525,3599.9959362686855,3599.9956651093134,3599.995376293643,3599.9950687038054,3599.994741153436,3599.9943923836368,3599.9940210587147,3599.993625761679,3599.993204989489,3599.9927571480366,3599.9922805468505,3599.991773393508,3599.991233787741,3599.9906597152135,3599.9900490409645,3599.9893995024904,3599.988708702452,3599.987974100986,3599.9871930076033,3599.9863625726543,3599.98547977833,3599.984541429191,3599.9835441421883,3599.9824843361594,3599.981358220766,3599.980161784856,3599.9788907842135,3599.97754072867,3599.976106868551,3599.974584180416,3599.9729673520706,3599.971250766807,3599.9694284868397,3599.9674942359056,3599.9654413809762,3599.9632629130538,3599.960951427005,3599.958499100386,3599.9558976712165,3599.9531384146585,3599.950212118543,3599.947109057701,3599.943818967046,3599.9403310133466,3599.936633765645,3599.9327151642483,3599.928562488248,3599.924162321492,3599.9195005169513,3599.914562159416,3599.9093315264463,3599.903792047511,3599.897926261242,3599.8917157707247,3599.885141196751,3599.87818212895,3599.870817074717,3599.8630234058583,3599.8547773028604,3599.8460536966923,3599.836826208056,3599.8270670839865,3599.816747131704,3599.8058356496213,3599.7943003554046,3599.7821073109844,3599.7692208444087,3599.755603468434,3599.741215795741,3599.726016450667,3599.7099619773317,3599.6930067440526,3599.675102843925,3599.6561999914443,3599.636245415058,3599.6151837455177,3599.59295689991,3599.5695039612406,3599.5447610534475,3599.5186612117136,3599.4911342479527,3599.462106611345,3599.4315012437846,3599.3992374301256,3599.3652306430863,3599.329392382696,3599.291630010149,3599.2518465759563,3599.209940642255,3599.165806099175,3599.1193319751314,3599.0704022409373,3599.01889560762,3598.9646853178456,3598.9076389308357,3598.847618100693,3598.7844783480377,3598.718068824871,3598.6482320725936,3598.5748037731005,3598.4976124929003,3598.416479420196,3598.3312180948988,3598.241634131525,3598.147524934973,3598.048679409157,3597.9448776585145,3597.8358906823933,3597.7214800623647,3597.601397642502,3597.4753852026934,3597.3431741250756,3597.204485053688,3597.0590275474706,3596.9064997267487,3596.7465879133747,3596.5789662647035,3596.4032964016324,3596.2192270309256,3596.0263935621033,3595.824417719177,3595.6129071475575,3595.39145501649,3595.1596396173904,3594.917023958505,3594.66315535634,3594.397565024343,3594.1197676593515,3593.8292610263734,3593.525525542281,3593.2080238590556,3592.8762004472574,3592.529481180424,3592.1672729211605,3591.788963109704,3591.39391935582,3590.9814890348894,3590.5509988891336,3590.101754634934,3589.6330405772687,3589.144119232324,3588.6342309593874,3588.1025936031747,3587.548402147785,3586.970828383529,3586.3690205879093,3585.7421032220886,3585.0891766442146,3584.4093168410136,3583.701575179113,3582.9649781775825,3582.198527303221,3581.401198790172,3580.5719434854504,3579.709686722022,3578.8133282211015,3577.8817420253463,3576.913776464662,3575.908254156351,3574.8639720413444,3573.7797014582793,3572.654188257183,3571.486152954534,3570.2742909314675,3569.017272676878,3567.7137440771726,3566.3623267544035,3564.9616184544766,3563.5101934871145,3562.0066032192135,3560.4493766231785,3558.8370208817796,3557.1680220510143,3555.440845782382,3553.6539381059183,3551.805726275239,3549.894619675759,3547.9190107971526,3545.8772762710096,3543.7677779745172,3541.588864200889,3539.3388708971006,3537.016122969372,3534.6189356566565,3532.145615972252,3529.5944642134673,3526.963775539094,3524.2518416142416,3521.456952321901,3518.577397540386,3515.6114689855794,3512.5574621167025,3509.413678104076,3506.1784258571115,3502.850024110525,3499.4268035665036,3495.9071090903167,3492.289301956576,3488.571762143107,3484.7528906691123,3480.8311119740306,3476.8048763332417,3472.6726623064783,3468.4329792145395,3464.0843696396305,3459.6254119443925,3455.0547228044134,3450.370959748768,3445.5728237028748,3440.6590615277196,3435.628468549282,3430.479891071752,3425.2122288679475,3419.824437640138,3414.315531444304,3408.6845850707136,3402.9307363735575,3397.053188542259,3391.0512123069902,3384.924148070859,3378.671407961168,3372.292477792154,3365.786918931609,3359.154370063824,3352.394548841383,3345.5072534184183,3338.492363858085,3331.3498434071817,3324.079739631045,3316.682185402086,3309.15739973561,3301.505688466887,3293.7274447637587,3285.823149469485,3277.79337127093,3269.638766687652,3261.36007987795,3252.9581422584483,3244.433871934353,3235.7882729381026,3227.0224342747574,3218.1375287731153,3209.134811742221,3200.0156194336173,3190.7813673104215,3181.433548125031,3171.973729808019,3162.403553171541,3152.7247294313415,3142.9390375522257,3133.0483214226324,3123.054486864717,3112.9594984871183,3102.7653763883227,3092.4741927192913,3082.0880681147005,3071.6091680028617,3061.039698805014,3050.381904035322,3039.6380603134753,3028.8104733023347,3017.901473583537,3006.913412484423,2995.84865787001,2984.709589914048,2973.498596863455,2962.2180708105884,2950.8704034879393,2939.4579820998506,2927.983185205836,2916.448378669941,2904.8559116904107,2893.2081129236285,2881.507286715957,2869.7557094566587,2857.955626064574,2846.1092466206405,2834.2187431576695,2822.2862466180786,2810.3138439894556,2798.303575626983,2786.2574327708203,2774.1773552655723,2762.0652294879346,2749.922886487559,2737.752100345075,2725.5545867500737,2713.3320018007244,2701.085941025535,2688.8179386266015,2676.529466942551,2664.221936128229,2651.8966940470777,2639.555026371054,2627.1981568818974,2614.8272479665616,2602.443401298662,2590.0476586969417,2577.6410031509163,2565.2243600031507,2552.798598276951,2540.3645321377035,2527.922922475615,2515.4744785972352,2503.019860012863,2490.559678306759,2478.0944990770154,2465.624843931945,2453.1511925299847,2440.6739846503197,2428.193622281749,2415.7104717177112,2403.2248656458764,2390.737105221273,2378.247462112545,2365.7561805116475,2353.2634790980214,2340.7695529491048,2328.2745753898635,2315.7786997748954,2303.2820611975403,2290.7847781213295,2278.2869539299804,2265.7886783930494,2253.2900290451903,2240.7910724778208,2228.2918655427793,2215.7924564683244,2203.2928858885134,2190.7931877876645,2178.293390362179,2165.793516802527,2153.293585998664,2140.7936131725155,2128.2935885933807,2115.7933586275312,2103.292804380847,2090.79166465813,2078.2895041545853,2065.785676189291,2053.2791302011774,2040.768286854291,2028.2507598190189,2015.7229951266,2003.1798309700025,1990.6137975247461,1978.014276872703,1965.3663939951084,1952.6495727765923,1939.835791307426,1926.8874495763102,1913.7548766373914,1900.3735303260733,1886.6609736961711,1872.5138418034016,1857.8050636572348,1842.3817384634035,1826.0641772284116,1808.6466582654941,1789.9005159430953,1769.5801146918827,1747.4320841002937,1723.207900770261,1696.679438776539,1667.6565422192075,1636.005046488253,1601.6631025128374,1564.6533099680873,1525.0881784722828,1483.1669697876803,1439.1630720874036,1393.4026090352431,1346.2367456754152,1298.0116881253966,1249.0411995233535,1199.5861846961975,1149.844409160614,1099.951015472412,1049.9878787994385,999.9979019165039,949.9998092651367,900.0,850.0,800.0,750.0,700.0,650.0,600.0,550.0,500.0,450.0,400.0,350.0,300.0,250.0,200.0,150.0,100.0,50.0,0.0
19,3799.9999877647856,3799.9999868717673,3799.999985914505,3799.99998488845,3799.9999837887362,3799.9999826101607,3799.999981347158,3799.999979993778,3799.9999785436585,3799.9999769899973,3799.9999753255224,3799.9999735424603,3799.999971632503,3799.99996958677,3799.999967395772,3799.999965049368,3799.999962536722,3799.999959846258,3799.9999569656084,3799.9999538815623,3799.9999505800083,3799.9999470458756,3799.999943263069,3799.999939214401,3799.999934881521,3799.999930244836,3799.99992528343,3799.9999199749755,3799.9999142956412,3799.9999082199934,3799.999901720889,3799.999894769365,3799.99988733452,3799.999879383384,3799.999870880788,3799.999861789217,3799.999852068659,3799.999841676443,3799.999830567066,3799.9998186920097,3799.999805999546,3799.9997924345294,3799.999777938179,3799.9997624478415,3799.9997458967455,3799.9997282137374,3799.999709323,3799.999689143756,3799.999667589951,3799.9996445699207,3799.999619986032,3799.9995937343056,3799.999565704016,3799.9995357772646,3799.9995038285297,3799.9994697241855,3799.9994333219943,3799.9993944705684,3799.999353008797,3799.9993087652397,3799.999261557486,3799.9992111914717,3799.9991574607575,3799.9991001457634,3799.999039012957,3799.9989738139957,3799.998904284814,3799.998830144663,3799.998751095083,3799.998666818829,3799.99857697872,3799.9984812164303,3799.9983791512045,3799.9982703785017,3799.9981544685556,3799.9980309648577,3799.9978993825457,3799.997759206705,3799.997609890568,3799.9974508536143,3799.9972814795574,3799.9971011142193,3799.996909063285,3799.9967045899266,3799.996486912296,3799.996255200873,3799.9960085756684,3799.995746103266,3799.995466793702,3799.9951695971677,3799.9948534005343,3799.994517023677,3799.994159215604,3799.9937786503683,3799.993373922754,3799.9929435437316,3799.9924859356597,3799.99199942723,3799.991482248136,3799.9909325234566,3799.9903482677346,3799.9897273787396,3799.989067630898,3799.9883666683704,3799.9876219977664,3799.9868309804697,3799.985990824562,3799.985098576323,3799.9841511112827,3799.983145124815,3799.982077122235,3799.9809434083886,3799.9797400767084,3799.978462997705,3799.9771078068707,3799.975669891971,3799.9741443796906,3799.972526121606,3799.9708096794525,3799.968989309658,3799.967058947103,3799.9650121880777,3799.9628422723986,3799.960542064644,3799.9581040344756,3799.955520235999,3799.952782286126,3799.949881341894,3799.946808076697,3799.9435526553793,3799.940104708153,3799.936453303273,3799.932586918436,3799.9284934108355,3799.9241599858274,3799.919573164144,3799.9147187475987,3799.90958178322,3799.904146525757,3799.898396398484,3799.892313952242,3799.8858808226532,3799.8790776854253,3799.8718842096896,3799.8642790092836,3799.85623959191,3799.847742306094,3799.8387622858545,3799.829273393006,3799.8192481570118,3799.8086577123004,3799.7974717329507,3799.7856583646662,3799.7731841539353,3799.7600139742917,3799.746110949574,3799.7314363740875,3799.715949629573,3799.6996080988743,3799.6823670762087,3799.6641796739327,3799.6449967256967,3799.6247666858862,3799.60343552524,3799.580946622531,3799.5572406522115,3799.5322554679033,3799.505925981625,3799.478184038646,3799.4489582878577,3799.4181740475456,3799.385753166458,3799.3516138800583,3799.3156706618506,3799.277834069673,3799.2380105868524,3799.196102458112,3799.1520075201342,3799.105619026678,3799.056825468148,3799.0055103855293,3798.9515521785934,3798.8948239082874,3798.835193093232,3798.772521500244,3798.7066649288163,3798.637472989496,3798.56478887609,3798.48844913166,3798.408283408261,3798.3241142203815,3798.235756692076,3798.143018297758,3798.045698596662,3797.943588960975,3797.836472297657,3797.724122763986,3797.6063054768692,3797.4827762159803,3797.353281120801,3797.217556381657,3797.0753279248515,3796.926311092035,3796.770210313939,3796.606718778651,3796.4355180946154,3796.256277948555,3796.0686557585595,3795.8722963225778,3795.6668314626013,3795.4518796648345,3795.2270457161835,3794.9919203374175,3794.746079813387,3794.489085620711,3794.2204840533736,3793.939805846707,3793.6465658002626,3793.3402624001105,3793.020377441131,3792.6863756499115,3792.3377043088817,3791.9737928823624,3791.594052645237,3791.1978763149973,3790.7846376879406,3790.35369128034,3789.904371975451,3789.4359946772393,3788.94785397178,3788.43922379728,3787.9093571237495,3787.3574856433597,3786.782819472575,3786.1845468671763,3785.5618339513394,3784.9138244619526,3784.2396395094042,3783.5383773561007,3782.809113214008,3782.0508990625344,3781.2627634881133,3780.4437115468604,3779.592724651714,3778.7087604854837,3777.7907529412564,3776.837612091628,3775.848224188244,3774.8214516931357,3773.7561333433714,3772.6510842505113,3771.505096036392,3770.316937006744,3769.085352364141,3767.809064461773,3766.486773099523,3765.117155863792,3763.698868512508,3762.230545406713,3760.710799990087,3759.138225317725,3757.511394635441,3755.828862010803,3754.0891630170545,3752.290815471008,3750.432320225911,3748.5121620202153,3746.5288103830835,3744.480720597373,3742.366334720735,3740.184082665348,3737.9323833367,3735.609645831691,3733.2142706962104,3730.744651242191,3728.199174923999,3725.5762247738617,3722.874180895873,3720.091422017953,3717.2263271009465,3714.2772770038832,3711.242656204216,3708.120854571673,3704.910269194151,3701.6093062538725,3698.21638295183,3694.7299294783143,3691.1483910271168,3687.4702298507696,3683.693927353977,3679.8179862221536,3675.840932581773,3671.761318189003,3667.5777226428836,3663.2887556190803,3658.8930591200306,3654.389309737089,3649.7762209200637,3645.0525452493403,3640.2170767055886,3635.2686529318635,3630.206157482734,3625.0285220549,3619.7347286936133,3614.323811969066,3608.794861116781,3603.147022135935,3597.379499839437,3591.4915598495113,3585.482530532471,3579.3518048663327,3573.0988422348937,3566.723170141909,3560.2243858390157,3553.6021578611126,3546.8562274629803,3539.9864099510096,3532.9925959040597,3525.874752277593,3518.632923385437,3511.2672317537235,3503.777878841785,3496.1651456250775,3488.429393035463,3480.571062254534,3472.5906748559946,3464.488832793503,3456.2662182307718,3447.9235932111706,3439.4617991645177,3430.8817562492322,3422.1844625285235,3413.3709929798165,3404.4424983371564,3395.400203766898,3386.2454073775607,3376.979478565328,3367.6038561972587,3358.120046634904,3348.5296216016322,3338.8342158975797,3329.035524966782,3319.1353023216334,3309.135356830457,3299.0375498745507,3288.843792381676,3278.556041743525,3268.176298625248,3257.70660367566,3247.149034147251,3236.505700435587,3225.7787425481374,3214.970326512962,3204.0826407380555,3193.11789233247,3182.078303400601,3170.9661073212565,3159.7835450233006,3148.532861269777,3137.2163009624946,3125.8361054790525,3114.3945090542434,3102.893735217655,3091.335993299125,3079.723475013471,3068.058351135629,3056.3427682769816,3044.578845773247,3032.768672693837,3020.9143049820573,3009.017762734971,2997.081027631085,2985.106040513382,2973.094699134466,2961.048856069856,2948.9703168046553,2936.860837997998,2924.7221259288153,2912.555835125609,2900.3635671820016,2888.146869758951,2875.907235773614,2863.646102773924,2851.364852497074,2839.0648106092003,2826.7472466227155,2814.413373986898,2802.0643503465453,2789.7012779627476,2777.3252042891045,2764.937122696049,2752.537973335326,2740.128644136115,2727.709971923786,2715.282743651867,2702.8476977374194,2690.405525489737,2677.956872622079,2665.5023408359834,2653.0424894676576,2640.5778371859365,2628.108863731379,2615.6360116862315,2603.159688265189,2590.6802671171836,2578.1980901287748,2565.71346922011,2553.226688124898,2540.738004146337,2528.247649881487,2515.7558349071724,2503.262747421108,2490.7685558325966,2478.273410297788,2465.7774441951783,2453.280775537693,2440.7835083183645,2428.285733787291,2415.787531658201,2403.2889712435713,2390.7901125178682,2378.2910071090155,2365.7916992187584,2353.2922264730673,2340.79262070418,2328.29290866629,2315.7931126872304,2303.2932512588363,2290.793339568893,2278.293389977824,2265.7934124433973,2253.293414896866,2240.7933129912053,2228.293039983747,2215.7924667949783,2203.2913449965763,2190.7893313656214,2178.2858583503958,2165.7800520426617,2153.270599930738,2140.7555236721855,2128.2319171431936,2115.695547432096,2103.1403350451737,2090.557674963747,2077.9355189574917,2065.2572403902377,2052.5002039077726,2039.6340138204364,2026.6184548642805,2013.4011184211352,1999.91478726596,1986.0746978945285,1971.7758654629836,1956.890757229796,1941.2676726561904,1924.7302816551457,1907.078824846888,1888.0934724653644,1867.5402866652344,1845.1800573873734,1820.7800000828638,1794.127916065434,1765.0479313606072,1733.4164239446754,1699.1763056701436,1662.3475648520343,1623.0320271912312,1581.4107444143751,1537.7333103564674,1492.2996509252544,1445.436229763105,1397.469850490967,1348.7029553065186,1299.3942224876405,1249.7472454519273,1199.908306207657,1149.9722032546997,1099.9933910369873,1049.9989032745361,999.9999046325684,950.0,900.0,850.0,800.0,750.0,700.0,650.0,600.0,550.0,500.0,450.0,400.0,350.0,300.0,250.0,200.0,150.0,100.0,50.0,0.0
20,3999.9999637034707,3999.9999611292155,3999.999958375294,3999.999955429388,3999.999952278349,3999.999948908148,3999.999945303813,3999.9999414493727,3999.999937327785,3999.9999329208727,3999.999928209245,3999.9999231722204,3999.999917787745,3999.9999120322973,3999.9999058808,3999.999899306514,3999.9998922809355,3999.9998847736774,3999.9998767523516,3999.9998681824395,3999.999859027154,3999.999849247296,3999.999838801099,3999.999827644065,3999.9998157287923,3999.9998030047873,3999.9997894182716,3999.999774911971,3999.9997594248966,3999.999742892108,3999.9997252444655,3999.9997064083655,3999.9996863054594,3999.9996648523565,3999.9996419603085,3999.9996175348742,3999.999591475565,3999.999563675467,3999.9995340208447,3999.9995023907154,3999.999468656401,3999.9994326810533,3999.9993943191503,3999.999353415962,3999.9993098069863,3999.999263317347,3999.999213761163,3999.999160940875,3999.999104646533,3999.9990446550455,3999.99898072938,3999.9989126177215,3999.9988400525776,3999.9987627498344,3999.998680407757,3999.998592705932,3999.998499304147,3999.9983998412113,3999.9982939337015,3999.9981811746416,3999.998061132103,3999.9979333477286,3999.9977973351697,3999.997652578437,3999.997498530157,3999.9973346097304,3999.9971602013875,3999.9969746521347,3999.9967772695845,3999.9965673196684,3999.996344024218,3999.9961065584166,3999.9958540481066,3999.9955855669514,3999.9953001334397,3999.994996707727,3999.9946741883023,3999.99433140848,3999.993967132692,3999.993580052589,3999.9931687829257,3999.9927318572263,3999.99226772322,3999.99177473803,3999.9912511631114,3999.9906951589155,3999.9901047792764,3999.9894779655,3999.988812540144,3999.9881062004742,3999.9873565115786,3999.986560899123,3999.9857166417364,3999.9848208629996,3999.983870523027,3999.9828624096153,3999.9817931289435,3999.9806590958005,3999.9794565233187,3999.9781814121925,3999.9768295393546,3999.9753964460897,3999.973877425555,3999.972267509687,3999.970561455456,3999.9687537304544,3999.966838497776,3999.9648096001597,3999.9626605433677,3999.9603844787625,3999.957974185043,3999.955422049116,3999.9527200460498,3999.9498597180877,3999.9468321526674,3999.943627959411,3999.9402372460468,3999.9366495932068,3999.932854028068,3999.92883899678,3999.924592335633,3999.920101240917,3999.915352237419,3999.910331145505,3999.9050230467305,3999.899412247923,3999.893482243678,3999.8872156772095,3999.8805942994886,3999.8735989266115,3999.866209395329,3999.8584045166685,3999.8501620275833,3999.8414585405553,3999.8322694910808,3999.8225690829627,3999.812330231336,3999.8015245033484,3999.7901220564136,3999.7780915739613,3999.7654001985966,3999.75201346259,3999.7378952156087,3999.723007549599,3999.707310720745,3999.6907630683936,3999.673320930871,3999.654938558095,3999.6355680208826,3999.615159116868,3999.5936592729313,3999.57101344404,3999.5471640084147,3999.522050658912,3999.4956102905367,3999.467776883977,3999.4384813850756,3999.4076515801316,3999.375211966938,3999.341083621463,3999.3051840600774,3999.2674270972307,3999.227722698491,3999.1859768288523,3999.142091296221,3999.09596359,3999.0474867146772,3998.9965490183495,3998.943034016094,3998.88682020812,3998.827780892628,3998.765783973314,3998.700691761453,3998.63236077252,3998.5606415172806,3998.4853782873283,3998.4064089350186,3998.3235646477838,3998.2366697167954,3998.1455412999785,3998.0499891793615,3997.9498155127803,3997.8448145799457,3997.7347725229138,3997.6194670809878,3997.4986673201174,3997.372133356853,3997.239616076937,3997.1008568486345,3996.955587230898,3996.8035286765107,3996.644392230337,3996.477878222846,3996.3036759590887,3996.1214634033236,3995.9309068595085,3995.7316606479,3995.5233667780144,3995.3056546182406,3995.0781405624007,3994.8404276935944,3994.5921054456767,3994.332749262748,3994.06192025706,3993.779164865772,3993.484014507012,3993.1759852357295,3992.8545773998594,3992.5192752973353,3992.1695468345283,3991.8048431867164,3991.42459846122,3991.0282293638647,3990.6151348694734,3990.1846958971137,3989.736274990863,3989.26921600688,3988.7828438076153,3988.2764639640045,3987.749362466546,3987.200805446172,3986.630038905871,3986.0362884640385,3985.418759110572,3984.776634976747,3984.1090791199476,3983.4152333243483,3982.69421791867,3981.9451316121617,3981.1670513499816,3980.3590321891706,3979.5201071964398,3978.649287369004,3977.7455615797185,3976.807896547779,3975.835236836272,3974.826504877863,3973.7806010299137,3972.6964036603376,3971.5727692654855,3970.408532621369,3969.2025069695087,3967.953484238692,3966.6602353039116,3965.3215102837366,3963.9360388773457,3962.5025307424257,3961.0196759151127,3959.4861452731097,3957.9005910430806,3956.2616473533662,3954.56793083303,3952.8180412581723,3951.010562246398,3949.1440620002454,3947.2170941003255,3945.228198348829,3943.175901663976,3941.0587190258943,3938.8751544743172,3936.623702158383,3934.3028474387097,3931.9110680418103,3929.4468352667827,3926.9086152440905,3924.2948702461103,3921.6040600489873,3918.834643345199,3915.9850792060683,3913.053828593327,3910.0393559186577,3906.9401306499863,3903.75462896313,3900.481335437232,3897.1187447922366,3893.6653636664855,3890.1197124323326,3886.4803270474945,3882.7457609396656,3878.9145869217455,3874.985399134841,3870.956815016021,3866.8274772876157,3862.5960559646674,3858.261250376978,3853.8217912019945,3849.2764425046257,3844.6240037799043,3839.8633119942524,3834.993243620949,3830.01271666526,3824.9206926745364,3819.716178728484,3814.398229404662,3808.9659487141707,3803.418492002408,3797.755067809666,3791.9749396862885,3786.0774279570605,3780.061911429446,3773.927829040288,3767.6746814355715,3761.302032477868,3754.8095106761184,3748.1968105324577,3741.463693800866,3734.609990652525,3727.635600742868,3720.540494175463,3713.3247123580177,3705.9883687459824,3698.5316494694366,3690.954813839162,3683.258194728067,3675.442198824395,3667.507306753441,3659.454073064822,3651.2831260826842,3642.995167616583,3634.590972531155,3626.0713881730917,3617.437333654348,3608.6897989909335,3599.829844097097,3590.8585976351596,3581.777255721733,3572.587080491536,3563.28939852051,3553.8855991104365,3544.377132437761,3534.7655075698194,3525.0522903521855,3515.2391011713376,3505.3276125973575,3495.3195469118527,3485.2166735267742,3475.0208063002683,3464.733800756158,3454.357551214075,3443.8939878376796,3433.3450736088016,3422.712801235693,3411.9991900039217,3401.206282578751,3390.3361417681067,3379.3908472554876,3368.3724923123723,3357.2831804998305,3346.1250223691827,3334.9001321716196,3323.6106245867345,3312.258611479912,3300.8461986984616,3289.3754829162845,3277.848548536708,3266.2674646629425,3254.6342821453522,3242.9510307144687,3231.219716208323,3219.442317902304,3207.6207859493315,3195.7570389376747,3183.8529615732323,3171.9104024925773,3159.931172212478,3147.917041221017,3135.8697382147984,3123.7909484860816,3111.6823124629973,3099.545424405324,3087.3818312575854,3075.19303166053,3062.9804751213237,3050.7455613420857,3038.489639705667,3026.21400891689,3013.919916796767,3001.6085602265393,2989.281085237754,2976.9385872439484,2964.5821114089476,2952.212653146207,2939.831158743127,2927.4385261038,2915.0356056031997,2902.6232010454755,2890.2020707186507,2877.7729285377736,2865.3364452683318,2852.893249821579,2840.4439306133045,2827.9890369775244,2815.52908062657,2803.064537149101,2790.595847537682,2778.123419737711,2765.6476302097085,2753.1688254972228,2740.687323792916,2728.203416495722,2715.717369752365,2703.2294259769187,2690.7398053425504,2678.2487072400345,2665.756311698129,2653.2627807613903,2640.7682598215324,2628.2728788989366,2615.7767538714475,2603.27998764811,2590.782671285992,2578.2848850487567,2565.786699406108,2553.288175973699,2540.7893683935345,2528.2903231552946,2515.791080359398,2503.291674422965,2490.792134730161,2478.292486228671,2465.7927499743155,2453.2929436260156,2440.7930818934888,2428.293176940202,2415.7932387442047,2403.2932754195285,2390.793293500895,2378.293298194457,2365.7932568200213,2353.2931236622185,2340.7928348810397,2328.292254865213,2315.7911967392206,2303.2893534946943,2290.7862401944108,2278.2811353922452,2265.7729394188696,2253.2600204873434,2240.739988932025,2228.2093779333118,2215.663232194438,2203.0945472456824,2190.493547059268,2177.8467590733626,2165.1358431829776,2152.3361674084636,2139.4150944266894,2126.329984945606,2113.0259560707764,2099.4334572772727,2085.4657961334105,2071.0168050008606,2055.9589121071926,2040.141958751402,2023.3931602730083,2005.5186478898263,1986.3070141245068,1965.5352034021257,1942.976934338887,1918.4135820125398,1891.6471066377064,1862.514213192549,1830.9005103196644,1796.7530892787215,1760.0897546127676,1721.0032035553918,1679.6588422587492,1636.285657326267,1591.1605702381587,1544.58783011985,1496.8760093144454,1448.3157888657856,1399.1617272406045,1349.6204991746904,1299.8467758617403,1249.946306271553,1199.9843063354492,1149.9964094161987,1099.9994277954102,1049.9999523162842,1000.0,950.0,900.0,850.0,800.0,750.0,700.0,650.0,600.0,550.0,500.0,450.0,400.0,350.0,300.0,250.0,200.0,150.0,100.0,50.0,0.0
21,4199.999897762377,4199.999890721617,4199.999883204541,4199.999875179558,4199.999866613026,4199.9998574691235,4199.999847709713,4199.9998372941955,4199.999826179352,4199.999814319182,4199.999801664731,4199.999788163899,4199.999773761249,4199.999758397799,4199.999742010799,4199.999724533497,4199.999705894893,4199.999686019472,4199.99966482693,4199.999642231873,4199.999618143508,4199.999592465309,4199.999565094666,4199.99953592251,4199.999504832924,4199.999471702717,4199.999436400988,4199.999398788656,4199.999358717963,4199.999316031947,4199.99927056389,4199.999222136726,4199.999170562422,4199.999115641318,4199.99905716143,4199.998994897714,4199.998928611286,4199.998858048599,4199.998782940571,4199.9987030016655,4199.998617928916,4199.9985274009005,4199.99843107665,4199.9983285945045,4199.998219570895,4199.998103599067,4199.997980247723,4199.997849059594,4199.997709549934,4199.997561204922,4199.997403479982,4199.9972357980105,4199.997057547503,4199.996868080577,4199.99666671089,4199.996452711441,4199.996225312251,4199.995983697922,4199.995727005058,4199.995454319549,4199.99516467371,4199.994857043263,4199.994530344163,4199.994183429243,4199.9938150846965,4199.993424026359,4199.993008895801,4199.992568256208,4199.992100588055,4199.9916042845425,4199.9910776468005,4199.9905188788425,4199.989926082258,4199.989297250625,4199.988630263645,4199.98792288097,4199.98717273571,4199.986377327625,4199.98553401595,4199.984640011879,4199.983692370651,4199.9826879832535,4199.981623567702,4199.980495659887,4199.979300603974,4199.978034542313,4199.976693404872,4199.975272898136,4199.973768493468,4199.972175414911,4199.970488626393,4199.968702818312,4199.966812393486,4199.964811452429,4199.962693777918,4199.960452818839,4199.958081673272,4199.955573070769,4199.952919353819,4199.950112458444,4199.947143893898,4199.944004721432,4199.940685532085,4199.937176423462,4199.933466975463,4199.929546224908,4199.925402639034,4199.921024087797,4199.916397814956,4199.911510407866,4199.906347765958,4199.90089506783,4199.895136736916,4199.889056405675,4199.882636878231,4199.875860091433,4199.8687070742535,4199.8611579054805,4199.853191669637,4199.844786411066,4199.835919086114,4199.826565513358,4199.816700321796,4199.806296896939,4199.79532732474,4199.783762333276,4199.77157123212,4199.758721849332,4199.74518046598,4199.730911748132,4199.715878676221,4199.700042471727,4199.683362521076,4199.665796296689,4199.64729927509,4199.627824851992,4199.607324254287,4199.585746448835,4199.563038047993,4199.539143211775,4199.514003546572,4199.487558000347,4199.459742754207,4199.4304911102745,4199.399733375778,4199.367396743265,4199.333405166864,4199.297679234505,4199.260136036019,4199.220689027035,4199.179247888603,4199.135718382443,4199.0900022017795,4199.041996817653,4198.9915953206655,4198.938686258075,4198.883153466186,4198.82487589797,4198.763727445862,4198.699576759684,4198.63228705964,4198.561715944352,4198.487715193892,4198.410130567785,4198.328801597959,4198.243561376621,4198.154236339059,4198.06064604136,4197.962602933056,4197.859912124715,4197.752371150503,4197.639769725745,4197.521889499555,4197.3985038025585,4197.269377389812,4197.134266178976,4196.99291698386,4196.845067243424,4196.690444746382,4196.528767351538,4196.359742704002,4196.183067947471,4195.9984294327505,4195.805502422732,4195.603950794037,4195.3934267355835,4195.173570444332,4194.944009818487,4194.70436014847,4194.4542238059785,4194.193189931475,4193.92083412049,4193.636718109117,4193.340389459121,4193.031381243099,4192.709211730164,4192.373384072637,4192.023385994262,4191.658689480487,4191.278750471385,4190.8830085578065,4190.470886681376,4190.041790839002,4189.595109792551,4189.130214784415,4188.646459259682,4188.1431785956765,4187.6196898396565,4187.0752914554705,4186.50926308002,4185.920865290387,4185.309339382517,4184.673907162366,4184.0137707504655,4183.328112400838,4182.61609433528,4181.876858593991,4181.109526903588,4180.313200563542,4179.4869603520965,4178.629866452755,4177.740958402409,4176.819255062228,4175.863754612412,4174.87343457193,4173.847251844373,4172.7841427910425,4171.683023332417,4170.542789079112,4169.362315493459,4168.140458082825,4166.8760526257565,4165.567915432062,4164.214843637878,4162.815615536779,4161.368990947946,4159.8737116224,4158.328501688232,4156.732068135776,4155.083101343585,4153.380275646054,4151.622249943448,4149.807668355088,4147.9351609163305,4146.003344319952,4144.010822702463,4141.9561884758,4139.838023204766,4137.654898530505,4135.40537714022,4133.088013783204,4130.701356333223,4128.243946897117,4125.714322969419,4123.1110186326605,4120.432565802919,4117.67749552004,4114.844339281825,4111.9316304213735,4108.937905526602,4105.861705900848,4102.701579063308,4099.456080287919,4096.123774179156,4092.7032362830514,4089.1930547316006,4085.591831918558,4081.8981862044866,4078.1107536487557,4074.2281897660255,4070.249171304622,4066.1723980440256,4061.9965946085695,4057.7205122942737,4053.342930905611,4048.862660598847,4044.2785437284597,4039.5894566930115,4034.7943117767163,4029.892058982824,4024.881687854822,4019.7622292813553,4014.5327572806596,4009.192390760214,4003.7402952472403,3998.1756845856007,3992.497822594598,3986.7060246851192,3980.7996594285487,3974.7781500738374,3968.6409760081237,3962.3876741563,3956.0178403149457,3949.5311304160887,3942.9272617163015,3936.2060139067344,3929.367230139742,3922.4108179679033,3915.33675019133,3908.1450656093166,3900.835869672542,3893.409335032205,3885.8657019826865,3878.205278794527,3870.428441934757,3862.535636171856,3854.5273745628924,3846.4042383206724,3838.166876559029,3829.8160059146967,3821.3524100445534,3812.776938997344,3804.090508459364,3795.2940988739524,3786.3887544350146,3777.3755819551893,3768.2557496096747,3759.030485557118,3749.7010764394,3740.268865762538,3730.7352521613657,3721.101687551034,3711.369675168823,3701.5407675101255,3691.6165641628995,3681.598709545251,3671.4888905512194,3661.288834110187,3651.000304665715,3640.6251015799317,3630.1650564699444,3619.6220304830285,3608.9979115176607,3598.294611397694,3587.5140630072324,3576.65821739395,3565.7290408488034,3554.7285119702083,3543.6586187208895,3532.521355485691,3521.3187201386786,3510.0527111278993,3498.725324586119,3487.3385514758265,3475.8943747766843,3464.394766723484,3452.841686102496,3441.2370756139035,3429.5828593077613,3417.8809401006656,3406.133197379991,3394.3414847022223,3382.507627591529,3370.6334214443336,3358.7206295451806,3346.7709811987625,3334.7861699824743,3322.7678521233643,3310.717645002813,3298.637125791758,3286.5278302186944,3274.3912514721405,3262.228839238686,3250.0419988771423,3237.8320907287716,3225.6004295629664,3213.3482841572068,3201.076877009554,3188.7873841813935,3176.4809352676234,3164.1586134909608,3151.8214559165644,3139.4704537827024,3127.1065529427706,3114.73065441356,3102.343615024301,3089.9462481606934,3077.539324597821,3065.1235734156066,3052.699682990235,3040.268302054822,3027.830040822446,3015.3854721645926,3002.935132838014,2990.4795247529933,2978.0191162760507,2965.5543435602062,2953.085611896032,2940.6132970768876,2928.137746771922,2915.6592819006573,2903.1781980032274,2890.6947666006336,2878.2092365396925,2865.721835317693,2853.232770382135,2840.7422304012935,2828.2503865017457,2815.7573934693933,2803.263390910912,2790.768504372973,2778.2728464169786,2765.7765176474704,2753.2796076927407,2740.782196136586,2728.2843534004965,2715.7861415759367,2703.2876152067142,2690.7888220217437,2678.289803618814,2665.7905961002384,2653.291230661514,2640.791734134337,2628.2921294855187,2615.7924362735166,2603.29267106443,2590.7928478094336,2578.2929781857074,2565.79307190299,2553.2931369779144,2540.793179978314,2528.293206239681,2515.7932200559244,2503.2932248465604,2490.7932109489166,2478.2931464783046,2465.7929994557144,2453.292700716972,2440.792144613923,2428.2911655656276,2415.7894962502155,2403.286737635218,2390.782278531215,2378.275203567736,2365.764166941061,2353.2471984898766,2340.721457560883,2328.182894634423,2315.6258003368216,2303.0422227403315,2290.4212132862253,2277.7478793267683,2265.002211594269,2252.157664115175,2239.1794850473725,2226.022802686281,2212.6305109458726,2198.931036946139,2184.836117821502,2170.238778365731,2155.0117605980513,2139.006716195242,2122.054520283292,2103.967081815182,2084.541003357356,2063.563358824886,2040.819703525265,2016.104203648404,1989.231472957921,1960.049363903302,1928.4516211688976,1894.3890291452462,1857.877547970828,1819.002006662934,1777.9142587131003,1734.8253138708087,1689.9917854828682,1643.6979136394693,1596.2352570407797,1547.8826839617097,1498.8893586089741,1449.4629283521626,1399.7641294637206,1349.9077597527505,1299.9687436437607,1249.9911810159683,1199.9980556964874,1149.9997019767761,1099.999976158142,1050.0,1000.0,950.0,900.0,850.0,800.0,750.0,700.0,650.0,600.0,550.0,500.0,450.0,400.0,350.0,300.0,250.0,200.0,150.0,100.0,50.0,0.0
22,4399.999725862782,4399.999707545134,4399.999688027422,4399.999667232741,4399.999645079375,4399.999621480514,4399.999596343937,4399.999569571685,4399.999541059722,4399.999510697559,4399.999478367873,4399.9994439460925,4399.999407299963,4399.999368289093,4399.999326764459,4399.999282567898,4399.999235531565,4399.999185477353,4399.99913221629,4399.999075547891,4399.999015259489,4399.998951125509,4399.998882906713,4399.998810349402,4399.998733184567,4399.998651126994,4399.998563874328,4399.99847110607,4399.998372482526,4399.998267643701,4399.998156208125,4399.998037771614,4399.997911905968,4399.997778157595,4399.997636046058,4399.99748506254,4399.997324668235,4399.997154292639,4399.9969733317575,4399.996781146212,4399.996577059244,4399.996360354616,4399.9961302743895,4399.995886016599,4399.995626732788,4399.995351525424,4399.995059445168,4399.99474948801,4399.99442059224,4399.994071635276,4399.993701430309,4399.9933087227855,4399.992892186706,4399.99245042072,4399.991981944035,4399.9914851921,4399.990958512084,4399.990400158102,4399.989808286217,4399.98918094918,4399.988516090899,4399.987811540636,4399.987065006911,4399.986274071096,4399.985436180696,4399.984548642288,4399.98360861412,4399.982613098333,4399.981558932808,4399.980442782615,4399.979261131039,4399.978010270172,4399.976686291051,4399.97528507332,4399.973802274395,4399.972233318109,4399.97057338282,4399.968817388952,4399.966959985952,4399.964995538627,4399.962918112847,4399.960721460579,4399.958399004232,4399.9559438202705,4399.953348622081,4399.950605742055,4399.947707112853,4399.944644247822,4399.941408220528,4399.937989643374,4399.934378645261,4399.930564848255,4399.926537343229,4399.922284664429,4399.91779476293,4399.91305497894,4399.908052012903,4399.902771895362,4399.897199955533,4399.891320788543,4399.885118221282,4399.878575276821,4399.871674137346,4399.864396105556,4399.856721564455,4399.848629935515,4399.840099635125,4399.831108029272,4399.821631386419,4399.81164482848,4399.801122279871,4399.790036414543,4399.7783586009455,4399.766058844864,4399.753105730046,4399.739466356558,4399.725106276815,4399.709989429185,4399.694078069135,4399.677332697809,4399.659711987997,4399.641172707402,4399.621669639136,4399.60115549938,4399.579580852118,4399.556894020878,4399.533040997406,4399.507965347191,4399.48160811177,4399.45390770773,4399.424799822342,4399.394217305743,4399.362090059595,4399.32834492214,4399.29290554959,4399.255692293767,4399.216622075932,4399.17560825672,4399.132560502134,4399.087384645507,4399.039982545389,4398.990251939282,4398.9380862931785,4398.883374646834,4398.8260014547295,4398.76584642267,4398.702784339981,4398.636684907256,4398.567412559615,4398.494826285457,4398.418779440663,4398.339119558243,4398.255688153405,4398.168320524043,4398.0768455466405,4397.9810854675925,4397.880855689971,4397.775964555749,4397.666213123514,4397.551394941717,4397.431295817503,4397.305693581187,4397.174357846443,4397.037049766293,4396.893521784998,4396.743517385928,4396.58677083558,4396.4230069238265,4396.251940700578,4396.073277209008,4395.8867112155085,4395.6919269365935,4395.488597762931,4395.27638598075,4395.054942490854,4394.8239065255075,4394.582905363468,4394.331554043472,4394.069455076482,4393.7961981570315,4393.5113598740345,4393.214503421431,4392.905178309062,4392.582920074209,4392.247249994228,4391.8976748007435,4391.5336863959,4391.154761571169,4390.760361729246,4390.34993260961,4389.922904018292,4389.478689562492,4389.016686390644,4388.536274938591,4388.036818682535,4387.517663899465,4386.97813943578,4386.4175564848365,4385.835208374208,4385.230370363411,4384.602299452922,4383.9502342053165,4383.273394579352,4382.570981777885,4381.842178110493,4381.086146871694,4380.302032235696,4379.48895916859,4378.646033358937,4377.772341167705,4376.866949598518,4375.928906289184,4374.957239525497,4373.950958278278,4372.90905226466,4371.830492034592,4370.714229083547,4369.559195992432,4368.364306595642,4367.128456178259,4365.850521703314,4364.529362070081,4363.163818404288,4361.752714381162,4360.294856582188,4358.789034886389,4357.234022896983,4355.628578404157,4353.971443884718,4352.261347039302,4350.497001367799,4348.677106783582,4346.800350267084,4344.865406559217,4342.870938895044,4340.815599778054,4338.6980317953485,4336.516868473917,4334.270735178155,4331.958250048662,4329.578024982286,4327.128666653268,4324.608777575288,4322.01695720406,4319.351803080072,4316.611912010918,4313.795881292598,4310.902309969024,4307.929800128859,4304.876958238708,4301.742396511541,4298.524734309132,4295.222599577134,4291.834630311325,4288.359476053399,4284.795799414564,4281.1422776250665,4277.397604107649,4273.560490072791,4269.629666133479,4265.603883937104,4261.481917811971,4257.262566425754,4252.944654453154,4248.527034249832,4244.0085875296345,4239.388227041976,4234.664898246142,4229.837580979185,4224.905291113981,4219.867082203909,4214.722047110563,4209.469319610785,4204.108075979286,4198.637536543027,4193.056967203491,4187.365680922938,4181.563039170707,4175.648453325595,4169.621386030347,4163.481352494294,4157.227921740176,4150.860717791233,4144.379420794679,4137.7837680777275,4131.073555132408,4124.248636525497,4117.308926729984,4110.254400874587,4103.085095408003,4095.8011086746565,4088.402601398918,4080.889797074915,4073.262982259229,4065.522506763998,4057.668783748138,4049.7022897046268,4041.6235643420405,4033.433210358786,4025.131893108727,4016.720340157192,4008.1993407266345,3999.569745031518,3990.8324635022946,3981.988465898688,3973.0387803127805,3963.984492062768,3954.826742478556,3945.5667275807255,3936.205696654729,3926.7449507225265,3917.1858409142133,3907.52976674253,3897.7781742834827,3887.9325542666456,3877.9944400790296,3867.9654056867357,3857.8470634789155,3847.6410620388615,3837.3490838473417,3826.972842923561,3816.514082409397,3805.974572102794,3795.356105946423,3784.660499477926,3773.889587248223,3763.045220214557,3752.1292631150427,3741.1435918316347,3730.0900907484906,3718.9706501127735,3707.787163404967,3696.541524725779,3685.235626206677,3673.8713554510596,3662.4505930129603,3650.9752099200887,3639.447065247853,3627.8680037508493,3616.239853558089,3604.5644239380235,3592.843503139148,3581.078856311707,3569.272223515694,3557.425317820028,3545.5398234974214,3533.6173943190797,3521.659651952988,3509.6681844691243,3497.6445449545085,3485.590250240566,3473.5067797448264,3461.395574428526,3449.2580358712135,3437.0955254629944,3424.909363714575,3412.7008296848085,3400.4711605249686,3388.221551138541,3375.9531539548498,3363.667078814423,3351.3643929635655,3339.0461211552188,3326.713245852783,3314.3667075332287,3302.00740508548,3289.636196299732,3277.253898443085,3264.861288916606,3252.4591059887152,3240.0480495995766,3227.6287822310223,3215.201929836391,3202.768082824571,3190.327797092461,3177.8815951000342,3165.429966982183,3152.973371691556,3140.5122381666615,3128.046966519598,3115.577929237906,3103.1054723951793,3090.6299168652445,3078.1515595349365,3065.670674510708,3053.187514314559,3040.7023110650425,3028.2152776393773,3015.7266088129873,3003.2364823731054,2990.7450602033773,2978.252489336727,2965.758902974071,2953.26442146678,2940.7691532611225,2928.273195803232,2915.7766364034474,2903.279553059192,2890.7820152358363,2878.2840846052723,2865.7858157421942,2853.2872567783293,2840.7884500150913,2828.2894324953527,2815.790236535215,2803.2908902168506,2790.791417843619,2778.2918403588305,2765.7921757296176,2753.2924392974846,2740.7926440971787,2728.292801145586,2715.7929197023914,2703.2930075042664,2690.7930709743496,2678.2931154087846,2665.7931451420454,2653.293163692749,2640.7931738916113,2628.293177993133,2615.7931760079528,2603.2931457762247,2590.793071496525,2578.2929181464897,2565.792625344063,2553.2921042098205,2540.7912089639262,2528.2897172108806,2515.7872898078385,2503.283414050049,2490.777331849883,2478.267926064548,2465.7535735978813,2453.231943628027,2440.699720314992,2428.1522421401082,2415.5830267193332,2402.9831588042434,2390.3405172716657,2377.638811803,2364.856410319775,2351.964941312782,2338.9276710312943,2325.697677947413,2312.2158708474535,2298.4089390086256,2284.1873670713785,2269.4436971966184,2254.051276571735,2237.8637747777384,2220.715788957425,2202.424861719608,2182.795203155925,2161.6233244966675,2138.7056456359787,2113.847932447071,2086.8761613688766,2057.648119089349,2026.0647652207772,1992.0801665382523,1955.7087119076068,1917.0283946699674,1876.179241369107,1833.3564760752802,1788.79869343746,1742.7720730041115,1695.5523605253547,1647.4068074112402,1598.5783577817006,1549.2740316016911,1499.6587045944084,1449.854480836654,1399.9448322095873,1349.9819046664238,1299.995065689087,1249.9989503622055,1199.9998450279236,1149.999988079071,1100.0,1050.0,1000.0,950.0,900.0,850.0,800.0,750.0,700.0,650.0,600.0,550.0,500.0,450.0,400.0,350.0,300.0,250.0,200.0,150.0,100.0,50.0,0.0
23,4599.999298613456,4599.999253176603,4599.999204859845,4599.999153485079,4599.99909886349,4599.999040794932,4599.998979067265,4599.998913455664,4599.998843721879,4599.998769613469,4599.99869086298,4599.998607187079,4599.998518285647,4599.99842384082,4599.998323515972,4599.9982169546465,4599.998103779433,4599.997983590775,4599.9978559657175,4599.997720456587,4599.997576589597,4599.997423863385,4599.99726174746,4599.997089680576,4599.996907069021,4599.996713284801,4599.996507663742,4599.996289503482,4599.996058061366,4599.995812552217,4599.995552146005,4599.9952759653825,4599.994983083096,4599.994672519262,4599.994343238507,4599.993994146947,4599.993624089026,4599.993231844179,4599.992816123337,4599.99237556524,4599.9919087325725,4599.991414107901,4599.9908900894025,4599.990334986381,4599.989747014557,4599.989124291127,4599.9884648295665,4599.987766534184,4599.9870271944,4599.986244478747,4599.985415928572,4599.984538951438,4599.983610814186,4599.982628635682,4599.981589379198,4599.980489844431,4599.979326659136,4599.978096270362,4599.976794935266,4599.975418711499,4599.973963447121,4599.972424770063,4599.970798077081,4599.96907852219,4599.967261004578,4599.9653401559435,4599.963310327257,4599.961165574915,4599.958899646261,4599.956505964443,4599.9539776125985,4599.951307317313,4599.948487431342,4599.945509915567,4599.9423663201405,4599.93904776481,4599.935544918365,4599.931847977188,4599.927946642882,4599.923830098909,4599.9194869862495,4599.914905377991,4599.910072752853,4599.9049759675845,4599.899601228195,4599.893934059989,4599.887959276338,4599.881660946172,4599.875022360132,4599.868025995327,4599.860653478668,4599.852885548713,4599.844702015989,4599.836081721718,4599.827002494916,4599.817441107802,4599.807373229457,4599.7967733776895,4599.785614869041,4599.773869766873,4599.761508827494,4599.748501444235,4599.734815589445,4599.720417754322,4599.705272886529,4599.68934432553,4599.672593735576,4599.654981036276,4599.636464330704,4599.6169998309515,4599.596541781072,4599.575042377353,4599.552451685843,4599.528717557063,4599.503785537843,4599.477598780208,4599.450097947251,4599.421221115926,4599.39090367668,4599.359078229888,4599.325674478987,4599.290619120275,4599.25383572929,4599.215244643724,4599.174762842791,4599.132303823003,4599.087777470292,4599.041089928414,4598.992143463596,4598.940836325359,4598.887062603471,4598.830712080997,4598.771670083374,4598.709817323511,4598.6450297428355,4598.577178348288,4598.506129045217,4598.43174246616,4598.353873795497,4598.27237258994,4598.187082594889,4598.097841556622,4598.004481030339,4597.906826184062,4597.804695598433,4597.697901062406,4597.586247364898,4597.469532082413,4597.347545362723,4597.220069704642,4597.086879733973,4596.94774197572,4596.802414622644,4596.650647300266,4596.492180828447,4596.326746979653,4596.154068234062,4595.973857531652,4595.785818021445,4595.589642808081,4595.385014695923,4595.171605930894,4594.949077940277,4594.717081070719,4594.475254324689,4594.223225095661,4593.960608902336,4593.687009122171,4593.40201672457,4593.105210004077,4592.796154313918,4592.474401800287,4592.13949113777,4591.790947266328,4591.428281130269,4591.050989419687,4590.658554314822,4590.250443233861,4589.826108584681,4589.384987521085,4588.926501704091,4588.450057068831,4587.9550435976935,4587.440835100302,4586.906789000977,4586.352246134336,4585.776530549719,4585.178949325113,4584.55879239132,4583.915332367065,4583.2478244058175,4582.555506055076,4581.8375971289015,4581.093299594491,4580.321797473597,4579.522256759612,4578.693825351149,4577.835633002961,4576.946791295044,4576.026393620781,4575.073515194988,4574.08721308273,4573.066526249771,4572.010475635536,4570.918064249429,4569.7882772914,4568.620082297589,4567.412429311921,4566.164251084475,4564.874463297449,4563.541964819553,4562.165637989594,4560.7443489300495,4559.276947891358,4557.762269627658,4556.199133804665,4554.586345440343,4552.922695379,4551.2069607993735,4549.437905757275,4547.614281763271,4545.734828395847,4543.798273950465,4541.803336124832,4539.748722740681,4537.633132502269,4535.455255791745,4533.213775501477,4530.907367903339,4528.534703554898,4526.094448242354,4523.585263959995,4521.005809925874,4518.35474363328,4515.6307219375285,4512.83240217747,4509.958443331038,4507.007507204052,4503.978259651373,4500.869371829452,4497.679521479136,4494.407394237566,4491.05168497782,4487.611099174904,4484.084354296551,4480.470181217177,4476.767325653242,4472.974549618155,4469.090632894744,4465.114374523192,4461.044594302264,4456.880134301501,4452.619860381986,4448.262663723171,4443.807462353145,4439.253202679653,4434.5988610190525,4429.843445120319,4424.985995681156,4420.02558785312,4414.961332732677,4409.792378834978,4404.5179135471135,4399.137164557553,4393.649401258411,4388.053936117163,4382.350126014407,4376.537373544214,4370.615128273661,4364.5828879580695,4358.4401997085315,4352.186661108306,4345.821921274697,4339.345681863076,4332.757698009747,4326.057779210442,4319.245790131276,4312.321651349117,4305.285340018397,4298.136890461513,4290.876394680093,4283.504002784528,4276.019923339339,4268.424423622078,4260.7178297936725,4252.900526978257,4244.9729592507865,4236.935629530875,4228.7890993815745,4220.533988711972,4212.1709753827845,4203.700794714325,4195.124238896482,4186.442156300622,4177.65545069358,4168.765080354185,4159.772057093024,4150.677445176467,4141.482360156209,4132.18796760593,4122.795481766901,4113.306164104708,4103.721321779507,4094.04230603253,4084.270510491846,4074.4073694006306,4064.454355771504,4054.412979470721,4044.2847852362756,4034.0713506342254,4023.7742839577472,4013.3952220736955,4002.9358282216026,3992.3977897702825,3981.7828159373535,3971.0926354771673,3960.328994342771,3949.4936533276436,3938.588385693064,3927.614974787033,3916.5752116607523,3905.4708926886806,3894.3038171982234,3883.0757851150897,3871.78859463033,3860.4440398950082,3849.0439087483915,3837.58998048543,3826.084023669185,3814.527793993707,3802.9230322026992,3791.2714620691136,3779.574788440595,3767.8346953554747,3756.0528442337427,3744.230872147163,3732.3703901723934,3720.4729818306755,3708.5402016173225,3696.573573623904,3684.5745902556687,3672.5447110463933,3660.4853615724696,3648.3979324676666,3636.283778539626,3624.14421798876,3611.9805317298355,3599.793962816152,3587.5857159658217,3575.356957189301,3563.108813516938,3550.8423728249504,3538.5586837578867,3526.258755745295,3513.9435591099946,3501.6140252650407,3489.2710469961776,3476.9154788263118,3464.5481374582864,3452.1698022920013,3439.7812160117323,3427.3830852393066,3414.9760812486497,3402.560840737079,3390.137966648618,3377.708029044522,3365.271566016165,3352.8290846353957,3340.381061937483,3327.927945931791,3315.47015663537,3303.008087124742,3290.542104601225,3278.0725514652977,3265.5997463956123,3253.1239854284545,3240.645543033596,3228.1646731827113,3215.6816104067166,3203.1965708386188,3190.709753238698,3178.221339999089,3165.7314981250715,3153.240380190642,3140.7481252661905,3128.2548598163717,3115.7606985665193,3103.2657453362017,3090.7700938387807,3078.273828446078,3065.777024917489,3053.279751093129,3040.782067550802,3028.2840282268044,3015.7856810007693,3003.28706824494,2990.7882273384394,2978.2891911472448,2965.7899884707344,2953.2906444557857,2940.7911809795182,2928.2916170018725,2915.7919688892925,2903.2922507108415,2890.7924745081336,2878.2926505404985,2865.792787506818,2853.2928927454836,2840.792972413913,2828.293031649072,2815.7930747103933,2803.293105106483,2790.7931257069376,2778.2931388405677,2765.7931463812583,2753.2931498226444,2740.7931503427108,2728.2931369926728,2715.7931000937347,2703.293022194336,2690.792868380719,2678.2925909852133,2665.7921104739016,2653.291302801314,2640.7899802585653,2628.28785630731,2615.784503650694,2603.2792900905083,2590.771290373178,2578.2591666963076,2565.741001542732,2553.2140770209157,2540.67458044395,2528.1172172598735,2515.5347142047553,2502.9171862694025,2490.2513458194717,2477.5195328347,2464.6985483977346,2451.7582849924693,2438.6601596651635,2425.355378017545,2411.7830850037953,2397.8684920601772,2383.521113272901,2368.6332875371763,2353.0792080029737,2336.714718809329,2319.378161046923,2300.892547316108,2281.0693056747905,2259.7137496299733,2236.632296104022,2211.6412677113763,2184.576889786774,2155.305847126477,2123.7355328840777,2089.8229466788057,2053.581128136834,2015.0820897354165,1974.4554675632262,1931.882540456485,1887.585839543863,1841.8152030124456,1794.8317125874312,1746.891352170751,1698.2303438161473,1649.0538802210544,1599.5294026604083,1549.7847737191255,1499.9108428438426,1449.9672048510315,1399.9895774924755,1349.9972503185272,1299.9994349479675,1249.9999195337296,1199.9999940395355,1150.0,1100.0,1050.0,1000.0,950.0,900.0,850.0,800.0,750.0,700.0,650.0,600.0,550.0,500.0,450.0,400.0,350.0,300.0,250.0,200.0,150.0,100.0,50.0,0.0
24,4799.9982840113735,4799.998176326348,4799.998062044848,4799.997940773711,4799.997812097068,4799.997675575083,4799.997530742618,4799.997377107836,4799.99721415072,4799.997041321525,4799.996858039141,4799.9966636893705,4799.996457623118,4799.996239154484,4799.996007558763,4799.995762070332,4799.995501880431,4799.995226134837,4799.994933931405,4799.994624317496,4799.994296287263,4799.993948778804,4799.993580671176,4799.993190781242,4799.992777860378,4799.992340590998,4799.991877582915,4799.991387369519,4799.990868403757,4799.990319053929,4799.989737599254,4799.98912222524,4799.988471018812,4799.987781963206,4799.987052932616,4799.98628168658,4799.985465864085,4799.984602977407,4799.9836904056365,4799.982725387902,4799.981705016272,4799.980626228313,4799.979485799303,4799.978280334072,4799.977006258462,4799.975659810389,4799.97423703048,4799.972733752291,4799.971145592056,4799.969467937979,4799.967695939024,4799.965824493201,4799.963848235313,4799.961761524161,4799.959558429157,4799.95723271635,4799.954777833817,4799.952186896424,4799.949452669885,4799.9465675541505,4799.943523566043,4799.940312321151,4799.936925014937,4799.93335240302,4799.929584780624,4799.925611961145,4799.921423253799,4799.917007440342,4799.9123527507945,4799.907446838167,4799.902276752119,4799.896828911542,4799.891089076009,4799.8850423160575,4799.8786729822705,4799.8719646731,4799.8649002014035,4799.85746155965,4799.849629883734,4799.841385415382,4799.832707463064,4799.823574361406,4799.813963429023,4799.803850924738,4799.793212002131,4799.782020662369,4799.770249705261,4799.757870678493,4799.744853824978,4799.731168028273,4799.716780756006,4799.7016580012605,4799.6857642218465,4799.669062277417,4799.651513364362,4799.633076948424,4799.613710694975,4799.593370396896,4799.57200989999,4799.549581025891,4799.526033492379,4799.501314831061,4799.475370302352,4799.448142807688,4799.419572798927,4799.38959818486,4799.35815423478,4799.325173479058,4799.290585606653,4799.254317359509,4799.216292423779,4799.176431317826,4799.134651276936,4799.0908661347,4799.044986201017,4798.996918136663,4798.946564824375,4798.893825236425,4798.838594298619,4798.7807627507,4798.720217003112,4798.656838990094,4798.590506019073,4798.521090616334,4798.448460368949,4798.372477762942,4798.29300001768,4798.2098789164875,4798.1229606334755,4798.0320855566,4797.937088106947,4797.837796554275,4797.734032828819,4797.625612329409,4797.512343727916,4797.394028770097,4797.270462072861,4797.141430918049,4797.006715042778,4796.866086426427,4796.719309074376,4796.566138798571,4796.406322995042,4796.239600418484,4796.065700954045,4795.884345386448,4795.69524516662,4795.498102175976,4795.292608488559,4795.078446131217,4794.855286842022,4794.622791827167,4794.380611516558,4794.128385318368,4793.865741372803,4793.5922963053745,4793.307654979964,4793.011410251998,4792.703142722059,4792.3824204902785,4792.048798911874,4791.701820354205,4791.341013955753,4790.965895387423,4790.575966616616,4790.170715674499,4789.749616426961,4789.312128349716,4788.857696308065,4788.385750341841,4787.895705456054,4787.386961417806,4786.858902560032,4786.310897592666,4785.742299421821,4785.152444977613,4784.540655051256,4783.906234142078,4783.248470315121,4782.566635070014,4781.859983221783,4781.127752794333,4780.369164927292,4779.5834237969575,4778.769716552067,4777.927213265148,4777.055066900195,4776.152413297426,4775.218371175883,4774.25204215464,4773.252510793398,4772.218844653211,4771.150094378135,4770.045293798539,4768.903460056866,4767.723593756561,4766.5046791349405,4765.245684260716,4763.945561256903,4762.603246549806,4761.217661144785,4759.787710929458,4758.312287004978,4756.790266046028,4755.220510690095,4753.601869956616,4751.933179696507,4750.213263072573,4748.44093107125,4746.614983046117,4744.7342072935135,4742.797381660615,4740.8032741862335,4738.750643774552,4736.638240901985,4734.464808357243,4732.229082014675,4729.929791640861,4727.56566173436,4725.13541239848,4722.6377602468365,4720.071419341391,4717.435102162605,4714.727520611246,4711.947387041309,4709.093415323425,4706.164321938055,4703.1588270976745,4700.075655897045,4696.913539490617,4693.671216295979,4690.3474332221995,4686.940946921791,4683.450525064958,4679.874947634672,4676.213008241028,4672.463515453249,4668.625294147604,4664.697186869407,4660.6780552071805,4656.566781176963,4652.362268614673,4648.063444574323,4643.669260729814,4639.178694777953,4634.590751840261,4629.90446586104,4625.118900999138,4620.233153010738,4615.246350620465,4610.157656878043,4604.966270497659,4599.671427177178,4594.27240089429,4588.768505176639,4583.159094342971,4577.4435647122955,4571.62135577807,4565.691951344394,4559.654880621202,4553.509719275483,4547.256090435539,4540.893665645363,4534.422165766231,4527.841361822655,4521.151075789931,4514.351181320545,4507.441604406804,4500.422323977154,4493.293372423718,4486.054836058739,4478.706855497676,4471.249625966895,4463.683397533986,4456.008475258901,4448.225219264285,4440.334044723509,4432.335421765108,4424.22987529252,4416.017984718187,4407.700383611309,4399.277759258729,4390.750852138661,4382.120455307169,4373.387413697557,4364.552623333035,4355.617030453284,4346.581630555775,4337.4474673529085,4328.215631646346,4318.887260120075,4309.463534054046,4299.9456779604425,4290.334958144867,4280.63268119501,4270.840192399546,4260.958874100271,4250.990143980694,4240.935453294525,4230.796285037703,4220.574152067792,4210.270595174801,4199.8871811076115,4189.425500560398,4178.887166123571,4168.2738102038975,4157.587082918608,4146.828649968374,4136.000190494162,4125.103394923044,4114.139962808077,4103.111600667453,4092.0200198281027,4080.8669342789713,4069.654058539151,4058.3831055460378,4047.055784568623,4035.673799150954,4024.238845090719,4012.7526084577953,4001.216763657467,3989.6329715428874,3978.0028775811834,3966.328110077416,3954.6102784604254,3942.8509716343606,3931.0517563994686,3919.2141759454726,3907.3397484206153,3895.4299655791606,3883.486291509879,3871.5101614477417,3859.502980670758,3847.4661234835667,3835.4009322891025,3823.3087167493177,3811.190753035643,3799.048283169528,3786.8825144531065,3774.6946189896844,3762.4857332934635,3750.256957987582,3738.0093575892615,3725.7439603805497,3713.461758362874,3701.1637072933313,3688.850726800386,3676.523700576412,3664.1834766442553,3651.8308676948054,3639.466651492346,3627.0915713442787,3614.7063366316556,3602.3116233968067,3589.90807498423,3577.4963027308067,3565.076886701321,3552.6503764652107,3540.217291910424,3527.7781240902486,3515.3333360989723,3502.8833639722684,3490.428617608226,3477.96948170502,3465.5063167112867,3453.039459785371,3440.5692257597275,3428.0959081068754,3415.6197799034744,3403.141094789217,3390.660087917422,3378.1769768943864,3365.6919627047373,3353.2052306202304,3340.7169510896324,3328.2272806075407,3315.736362560201,3303.244328046589,3290.751296673241,3278.2573773215327,3265.762668886292,3253.2672609848696,3240.7712346359585,3228.2746629076605,3215.7776115344905,3203.2801395031706,3190.7822996072427,3178.2841389706914,3165.7856995409034,3153.2870185514394,3140.7881289552115,3128.2890598287763,3115.789836748551,3103.290482139856,3090.7910155997542,3078.2914541947334,3065.7918127343214,3053.2921040217743,3040.792339083001,3028.292527374914,3015.792676974402,3003.2927947491276,2990.7928865113313,2978.2929571558298,2965.7930107833513,2953.293050810335,2940.7930800662816,2928.293100879703,2915.7931151536795,2903.293124431969,2890.7931299565885,2878.293132717711,2865.793133496686,2853.2931281528045,2840.7931099243506,2828.2930700260567,2815.7929897094027,2803.2928424261327,2790.7925847585307,2778.292147322725,2765.791426264731,2753.290261544249,2740.7884126145964,2728.2855224278783,2715.781064597191,2703.2742728870717,2690.7640421234487,2678.248794156389,2665.7262979396,2653.1934291828925,2640.645856823053,2628.0776366251894,2615.480692806428,2602.8441683529827,2590.1536225012105,2577.390058733019,2564.528771646567,2551.5380104584337,2538.377472519133,2524.9966600457965,2511.3331604264295,2497.3109428353137,2482.8388006668315,2467.809109273486,2452.097105274071,2435.560923010966,2418.0426380189574,2399.3705572285858,2379.3629534102483,2357.833359504388,2334.597413333986,2309.481077037998,2282.329857971975,2253.018448232573,2221.460006678372,2187.6141662302666,2151.4927995764556,2113.162652474105,2072.7441768113754,2030.4062638873345,1986.3570602114428,1940.8315799664006,1894.0773203889382,1846.3394377654308,1797.8471629434302,1748.8029737161098,1699.3756036160723,1649.6973270110902,1599.8652513617722,1549.9457290044188,1499.9806151649952,1449.994025478959,1399.9984734654427,1349.999696612358,1299.9999582767487,1249.9999970197678,1200.0,1150.0,1100.0,1050.0,1000.0,950.0,900.0,850.0,800.0,750.0,700.0,650.0,600.0,550.0,500.0,450.0,400.0,350.0,300.0,250.0,200.0,150.0,100.0,50.0,0.0
25,4999.9959774586105,4999.995733139974,4999.995474372765,4999.995200328215,4999.994910131675,4999.994602860184,4999.994277539913,4999.993933143477,4999.993568587117,4999.993182727739,4999.9927743598055,4999.9923422120755,4999.991884944182,4999.9914011430365,4999.990889319066,4999.990347902259,4999.9897752380175,4999.9891695828155,4999.988529099639,4999.9878518532105,4999.987135804982,4999.986378807891,4999.98557860086,4999.98473280304,4999.9838389077795,4999.982894276311,4999.981896131132,4999.980841549089,4999.979727454125,4999.978550609702,4999.977307610863,4999.975994875932,4999.974608637834,4999.973144935014,4999.971599601946,4999.969968259209,4999.968246303111,4999.966428894856,4999.964510949214,4999.962487122693,4999.9603518011845,4999.958099087058,4999.955722785698,4999.953216391434,4999.950573072875,4999.947785657596,4999.944846616164,4999.941748045483,4999.938481651419,4999.93503873069,4999.931410151987,4999.927586336296,4999.923557236406,4999.919312315544,4999.914840525143,4999.910130281675,4999.905169442548,4999.899945281006,4999.894444460018,4999.888653005114,4999.882556276121,4999.876138937784,4999.869384929211,4999.862277432121,4999.854798837843,4999.846930713032,4999.838653764057,4999.829947800025,4999.820791694384,4999.811163345074,4999.80103963318,4999.790396380029,4999.779208302698,4999.76744896788,4999.755090744059,4999.742104751943,4999.728460813114,4999.714127396832,4999.699071564954,4999.683258914905,4999.666653520665,4999.6492178716935,4999.630912809768,4999.611697463661,4999.591529181608,4999.570363461524,4999.548153878886,4999.524852012263,4999.500407366406,4999.474767292865,4999.4478769080715,4999.419679008828,4999.390113985159,4999.359119730463,4999.326631548919,4999.292582060085,4999.256901100653,4999.219515623292,4999.180349592547,4999.13932387773,4999.096356142769,4999.0513607329585,4999.004248558581,4998.954926975347,4998.903299661616,4998.849266492366,4998.792723409876,4998.733562291079,4998.671670811571,4998.606932306245,4998.539225626519,4998.468424994151,4998.394399851619,4998.317014709054,4998.236128987725,4998.151596860065,4998.063267086253,4997.970982847345,4997.874581574981,4997.773894777678,4997.6687478637405,4997.558959960813,4997.444343732117,4997.324705189426,4997.199843502813,4997.069550807243,4996.9336120060825,4996.791804571593,4996.643898342495,4996.489655318705,4996.328829453345,4996.16116644213,4995.986403510275,4995.804269197037,4995.614483138051,4995.416755845601,4995.2107884870165,4994.996272661347,4994.77289017452,4994.5403128131975,4994.29820211751,4994.046209152948,4993.783974281604,4993.511126933062,4993.227285375175,4992.932056485033,4992.625035520413,4992.305805892016,4991.973938936844,4991.628993693024,4991.270516676469,4990.898041659724,4990.51108945341,4990.109167690636,4989.69177061484,4989.258378871446,4988.808459303833,4988.341464754037,4987.856833868701,4987.353990910748,4986.832345577289,4986.291292824299,4985.730212698581,4985.148470177599,4984.545415017708,4983.920381611398,4983.272688854113,4982.601640021268,4981.906522656068,4981.18660846876,4980.441153247949,4979.669396784631,4978.870562809587,4978.0438589448,4977.188476669576,4976.303591302016,4975.388361996544,4974.4419317581505,4973.463427474043,4972.451959963379,4971.406624045778,4970.326498629271,4969.210646818378,4968.05811604298,4966.867938208637,4965.639129869024,4964.3706924211165,4963.061612323749,4961.710861340179,4960.317396805239,4958.880161917666,4957.3980860581605,4955.870085133719,4954.295061948738,4952.671906603391,4950.999496919705,4949.27669889579,4947.502367188576,4945.675345625427,4943.79446774494,4941.85855736718,4939.866429193593,4937.816889436772,4935.708736480187,4933.540761567975,4931.3117495247925,4929.020479505713,4926.665725776062,4924.24625852104,4921.760844684919,4919.20824883952,4916.58723408162,4913.896562958885,4911.1349984238095,4908.301304815123,4905.394248865999,4902.412600738368,4899.3551350825355,4896.220632121222,4893.007878757082,4889.715669702665,4886.342808631695,4882.888109350482,4879.350396988175,4875.728509204493,4872.021297413501,4868.227628021883,4864.346383680128,4860.3764645449155,4856.316789550949,4852.16629769039,4847.923949297967,4843.588727339764,4839.159638703632,4834.635715489071,4830.016016294409,4825.299627498983,4820.485664538025,4815.573273167871,4810.5616307190585,4805.449947334847,4800.2374671926445,4794.923469705792,4789.507270703123,4783.988223583697,4778.365720444079,4772.639193175528,4766.80811452846,4760.871999141539,4754.8304045327695,4748.682932049961,4742.429227777994,4736.068983400307,4729.601937012087,4723.027873882692,4716.346627164883,4709.5580785485035,4702.662158856329,4695.6588485798775,4688.548178353064,4681.330229361684,4674.005133686812,4666.573074580306,4659.034286670759,4651.389056098325,4643.637720577036,4635.780669383313,4627.818343269591,4619.751234302084,4611.579885621903,4603.304891128921,4594.926895087948,4586.446591656953,4577.8647243372825,4569.182085345991,4560.399514910625,4551.5179004869715,4542.538175900512,4533.461320412512,4524.288357711881,4515.020354834166,4505.658421009214,4496.203706439275,4486.657401009509,4477.02073293306,4467.294967333062,4457.4814047641485,4447.58137967619,4437.596258823222,4427.527439620653,4417.3763484540505,4407.14443894294,4396.833190163217,4386.444104831922,4375.9787074582455,4365.438542464768,4354.8251722830455,4344.140175427751,4333.385144553665,4322.561684499883,4311.671410325671,4300.715945342435,4289.696919146304,4278.615965655849,4267.474721159436,4256.274822376718,4245.01790453873,4233.705599490992,4222.339533823973,4210.9213270351875,4199.452589727089,4187.934921844826,4176.369910957796,4164.759130588776,4153.10413859429,4141.4064755996515,4129.667663491988,4117.889203974324,4106.072577183613,4094.2192403753706,4082.3306266773598,4070.4081439145234,4058.4531735071164,4046.4670694437496,4034.4511573307855,4022.406733519277,4010.3350643103668,3998.2373852397996,3986.1149004419312,3973.96878209335,3961.800169935958,3949.610170879093,3937.399858680019,3925.170273701847,3912.922422747707,3900.65727896975,3888.3757818513177,3876.0788372604056,3863.767317572328,3851.4420618592885,3839.1038761443797,3826.753533717357,3814.3917755093676,3802.0193105236804,3789.6368163193256,3777.244939544436,3764.8442965159966,3752.435473842617,3740.019029086879,3727.595491463776,3715.1653625717126,3702.729117152539,3690.2872038770815,3677.840046152667,3665.3880429491605,3652.9315696400886,3640.470978855507,3628.0066013433175,3615.538746835861,3603.067704918706,3590.5937458986764,3578.117121668277,3565.638066563838,3553.156798214818,3540.6735183818773,3528.1884137814886,3515.7016568950175,3503.2134067603665,3490.7238097444656,3478.233000295049,3465.741101670341,3453.2482266454467,3440.7544781944143,3428.2599501471013,3415.764727820153,3403.2688886215537,3390.7725026283706,3378.275633137457,3365.7783371890364,3353.280666063203,3340.7826657495266,3328.2843773900436,3315.785837696053,3303.2870793392076,3290.7881313175094,3278.2890192968803,3265.789765929062,3253.2903911466587,3240.790912436187,3228.291345090048,3215.7917024383623,3203.2919960616496,3190.7922359853274,3178.2924308570464,3165.792588107857,3153.2927140982038,3140.792814249746,3128.2928931639644,3115.792954728516,3103.2930022122496,3090.7930383497883,3078.2930654165284,3065.7930852948834,3053.293099532556,3040.7931093935786,3028.293115902828,3015.7931198846663,3003.293121996329,2990.7931227566232,2978.293121081278,2965.7931122059676,2953.293091694224,2940.7930498917626,2928.292971630721,2915.792833337091,2903.2925966481253,2890.7922035868473,2878.291564747562,2865.790544736593,2853.28894215046,2840.7864580361893,2828.28265452813,2815.7768964416637,2803.2682704554495,2790.755476313708,2778.2366797403447,2765.709317357241,2753.169840558093,2740.613383176585,2728.0333371702777,2715.4208175175027,2702.763998409816,2690.0473040132038,2677.2504396734244,2664.347256845638,2651.304454958258,2638.0801382699487,2624.6222660814637,2610.8670596437946,2596.7374592417927,2582.141758057156,2566.9725732789984,2551.106345891166,2534.403582508846,2516.7100597436206,2497.8591964762754,2477.6757549335935,2455.9809526386007,2432.598951866953,2407.3645442295174,2380.1316751250483,2350.7822732120985,2319.234688452222,2285.450928671871,2249.441850665371,2211.269535100475,2171.046270624495,2128.9298887748846,2085.1156007383943,2039.8249375894538,1993.2928149674647,1945.7540499685288,1897.4307795481193,1848.5221213308077,1799.1970797181853,1749.591185720261,1699.8067678244495,1649.9162086378087,1599.9671659138455,1549.9886028232722,1499.9965904815494,1449.99915548414,1399.9998375028372,1349.9999783933163,1299.9999985098839,1250.0,1200.0,1150.0,1100.0,1050.0,1000.0,950.0,900.0,850.0,800.0,750.0,700.0,650.0,600.0,550.0,500.0,450.0,400.0,350.0,300.0,250.0,200.0,150.0,100.0,50.0,0.0
26,5199.990948653666,5199.990417044076,5199.989855118666,5199.989261206494,5199.988633548141,5199.987970291246,5199.987269485838,5199.986529079433,5199.985746911913,5199.984920710154,5199.984048082415,5199.983126512453,5199.982153353371,5199.981125821187,5199.980040988088,5199.978895775403,5199.977686946223,5199.976411097713,5199.975064653055,5199.973643853037,5199.972144747265,5199.970563184973,5199.968894805429,5199.967135027917,5199.965279041265,5199.963321792926,5199.961257977569,5199.959082025179,5199.956788088629,5199.954370030731,5199.951821410717,5199.949135470137,5199.946305118171,5199.9433229163,5199.9401810623385,5199.936871373797,5199.9333852705395,5199.929713756726,5199.925847402005,5199.9217763219285,5199.917490157567,5199.91297805429,5199.908228639689,5199.9032300006065,5199.897969659243,5199.892434548315,5199.886610985221,5199.880484645191,5199.874040533388,5199.8672629559105,5199.86013548968,5199.852640951167,5199.844761363918,5199.836477924849,5199.82777096926,5199.818619934547,5199.809003322547,5199.798898660496,5199.788282460549,5199.777130177819,5199.765416166896,5199.753113636798,5199.740194604306,5199.726629845661,5199.712388846529,5199.697439750252,5199.681749304274,5199.665282804745,5199.64800403923,5199.629875227469,5199.6108569601665,5199.590908135737,5199.569985894963,5199.548045553528,5199.525040532358,5199.500922285737,5199.47564022714,5199.449141652729,5199.421371662482,5199.392273078878,5199.361786363124,5199.329849528839,5199.2963980531795,5199.261364785348,5199.22467985243,5199.186270562531,5199.146061305158,5199.103973448812,5199.059925235746,5199.013831673843,5198.965604425595,5198.915151694124,5198.8623781062315,5198.807184592428,5198.749468263929,5198.689122286578,5198.62603575168,5198.560093543723,5198.491176204965,5198.41915979688,5198.343915758448,5198.2653107612805,5198.183206561581,5198.09745984894,5198.007922091976,5197.914439380822,5197.816852266482,5197.714995597082,5197.608698351027,5197.497783467114,5197.382067671624,5197.261361302454,5197.135468130324,5197.004185177131,5196.867302531509,5196.724603161669,5196.575862725604,5196.420849378743,5196.259323579161,5196.091037890437,5195.915736782293,5195.7331564291235,5195.543024506569,5195.345059986251,5195.138972928855,5194.9244642757,5194.701225638992,5194.468939090924,5194.22727695186,5193.975901577767,5193.714465147146,5193.442609447704,5193.159965662973,5192.866154159187,5192.560784272647,5192.243454097874,5191.913750276857,5191.571247789691,5191.215509746933,5190.846087184014,5190.46251885807,5190.064331047528,5189.651037354853,5189.22213851283,5188.7771221947905,5188.315462829208,5187.836621419074,5187.340045366524,5186.825168303154,5186.291409926501,5185.738175843171,5185.16485741911,5184.570831637521,5183.955460964953,5183.318093226076,5182.658061487701,5181.974683952575,5181.267263863523,5180.535089418503,5179.7774336971415,5178.993554599348,5178.182694796576,5177.344081696352,5176.476927420657,5175.580428798762,5174.653767375135,5173.696109433026,5172.706606034333,5171.684393076362,5170.628591366095,5169.538306712556,5168.412630037881,5167.250637507691,5166.051390681345,5164.813936682653,5163.537308391612,5162.2205246577305,5160.862590535462,5159.462497542286,5158.019223939941,5156.5317350392925,5154.9989835292945,5153.419909830507,5151.793442473566,5150.118498503002,5148.393983906777,5146.61879407185,5144.791814266084,5142.911920146739,5140.977978295795,5138.988846782253,5136.943375751596,5134.840408042472,5132.678779830664,5130.457321300361,5128.174857342657,5125.830208281197,5123.422190624822,5120.949617846976,5118.411301191647,5115.806050505476,5113.132675095686,5110.389984613343,5107.57678996147,5104.691904227414,5101.734143638816,5098.702328542494,5095.59528440543,5092.411842837028,5089.150842631707,5085.811130830838,5082.391563802974,5078.891008341206,5075.308342776471,5071.64245810551,5067.8922591321225,5064.056665620317,5060.134613457849,5056.125055828586,5052.026964392086,5047.839330468688,5043.561166228354,5039.19150588145,5034.729406869592,5030.173951054603,5025.524245903614,5020.779425668251,5015.938652555819,5011.001117890364,5005.96604326141,5000.832681658189,4995.600318587103,4990.268273170141,4984.835899221975,4979.302586303409,4973.667760748853,4967.930886665505,4962.091466901891,4956.149043983449,4950.103201012826,4943.953562532601,4937.699795348151,4931.341609308413,4924.878758042334,4918.311039648848,4911.638297338267,4904.860420023016,4897.977342855744,4890.989047712877,4883.895563621779,4876.696967129758,4869.393382613288,4861.984982525841,4854.471987582924,4846.8546668829495,4839.133337962734,4831.308366786537,4823.380167667671,4815.34920312187,4807.215983651737,4798.981067461743,4790.645060103401,4782.208614050411,4773.672428203705,4765.037247326525,4756.303861409801,4747.4731049683,4738.545856268156,4729.523036486608,4720.405608804908,4711.194577435574,4701.89098658531,4692.495919355128,4683.010496579332,4673.435875605258,4663.773249015772,4654.02384329675,4644.188917451887,4634.269761567374,4624.267695329095,4614.184066495198,4604.020249326974,4593.777642981163,4583.4576698669025,4573.061773970662,4562.591419152617,4552.048087418002,4541.433277167092,4530.748501427522,4519.995286072729,4509.17516803036,4498.289693484518,4487.340416075773,4476.328895102867,4465.256693730047,4454.125377203966,4442.936511084068,4431.691659490325,4420.392383372176,4409.04023880243,4397.636775299848,4386.183534184005,4374.682046965972,4363.133833778208,4351.540401846961,4339.903244010321,4328.223837284942,4316.50364148427,4304.744097890969,4292.946627986055,4281.112632237051,4269.243488947298,4257.340553168354,4245.405155677196,4233.43860201974,4221.442171621971,4209.4171169697465,4197.364662858126,4185.28600571085,4173.182312970348,4161.054722558458,4148.904342407784,4136.732250063413,4124.539492354486,4112.327085134898,4100.096013092189,4087.8472296235027,4075.5816567772476,4063.3001852589496,4051.003674499572,4038.6929527844177,4026.3688174405643,4014.0320350806246,4001.683341900489,3989.3234440285755,3976.953017924,3964.5727108209644,3952.183141216582,3939.7848993992766,3927.378548014831,3914.964622667103,3902.5436325504083,3890.1160611105242,3877.6823667312847,3865.2429834437244,3852.7983216547564,3840.348768892396,3827.894690564594,3815.436430728784,3802.974312869341,3790.508640680188,3778.0396988499265,3765.567753846909,3753.0930547018243,3740.615833785453,3728.1363075793824,3715.654677437591,3703.171130336955,3690.685839614854,3678.1989656922037,3665.7106567803735,3653.2210495706063,3640.730269904692,3628.2384334257886,3615.745646208445,3603.2520053669955,3590.75759964166,3578.2625099618035,3565.7668099859525,3553.270566618275,3540.773840501379,3528.276686485371,3515.779154073255,3503.2812878428276,3490.7831278453473,3478.284709981324,3465.786066353874,3453.2872256001424,3440.7882132013765,3428.289051772285,3415.7897613303694,3403.2903595459616,3390.790861973729,3378.291282266454,3365.7916323718923,3353.2919227135603,3340.7921623562825,3328.2923591573513,3315.7925199041474,3303.2926504390475,3290.7927557724565,3278.2928401847685,3265.79290731804,3253.2929602581503,3240.7930016081827,3228.2930335537358,3215.793057920846,3203.293076227166,3190.7930897270157,3178.293099450879,3165.793106239889,3153.2931107758177,3140.793113607033,3128.2931151708635,3115.793115812784,3103.2931157227404,3090.7931115608144,3078.2931011252995,3065.793079493976,3053.2930379066743,3040.792963607381,3028.2928355205377,3015.7926211493123,3003.292270667904,2990.7917079987174,2978.290819349309,2965.7894351117707,2953.2873054759793,2940.784066215366,2928.279190280272,2915.771922524355,2903.26119052058,2890.745484599496,2878.2226987435433,2865.689921173378,2853.143162606411,2840.5770078555806,2827.984175153068,2815.354967129551,2802.676597088824,2789.9323766601456,2777.1007549104747,2764.1542058077457,2751.057971942067,2737.768687038496,2724.2329191187346,2710.38569996752,2696.149133853576,2681.431208063357,2666.1249568849216,2650.1081557126868,2633.243738146375,2615.381130401584,2596.358678294322,2576.007296845024,2554.1553972137726,2530.635039493952,2505.289126349303,2477.9793008316533,2448.594057433789,2417.0564397425305,2383.3306062729625,2347.4265240937025,2309.4021195155337,2269.362388365696,2227.455241630917,2183.8642126373393,2138.798536499794,2092.481472261193,2045.1380069329323,1996.9831988984001,1948.2123478282715,1898.993916108424,1849.4657108860401,1799.7343420538953,1749.8774983875296,1699.9482289506097,1649.9802492634108,1599.9933326129762,1549.9980624026805,1499.9995343238115,1449.9999131634831,1399.999988824129,1349.999999254942,1300.0,1250.0,1200.0,1150.0,1100.0,1050.0,1000.0,950.0,900.0,850.0,800.0,750.0,700.0,650.0,600.0,550.0,500.0,450.0,400.0,350.0,300.0,250.0,200.0,150.0,100.0,50.0,0.0
27,5399.980416345632,5399.979305156916,5399.978132938943,5399.976896464771,5399.975592344397,5399.974217016969,5399.9727667426505,5399.971237594119,5399.969625447697,5399.96792597409,5399.96613462872,5399.964246641639,5399.962257007001,5399.960160472092,5399.95795152587,5399.955624387033,5399.953172991567,5399.950590979773,5399.947871682742,5399.945008108264,5399.941992926153,5399.938818452951,5399.935476636009,5399.931959036908,5399.928256814202,5399.924360705454,5399.920261008552,5399.91594756226,5399.911409725996,5399.906636358804,5399.90161579748,5399.896335833852,5399.890783691149,5399.884945999466,5399.878808770258,5399.872357369865,5399.865576492012,5399.858450129266,5399.850961543406,5399.843093234681,5399.834826909916,5399.82614344943,5399.817022872734,5399.80744430297,5399.797385930051,5399.786824972465,5399.775737637714,5399.764099081328,5399.751883364433,5399.739063409824,5399.725610956506,5399.711496512655,5399.696689306958,5399.681157238304,5399.664866823753,5399.6477831447755,5399.62986979169,5399.611088806268,5399.591400622458,5399.570764005196,5399.549135987229,5399.526471803944,5399.502724826126,5399.477846490621,5399.451786228854,5399.4244913931425,5399.395907180795,5399.365976555911,5399.334640168876,5399.3018362734765,5399.267500641621,5399.231566475609,5399.193964317903,5399.154621958389,5399.113464339059,5399.070413456095,5399.0253882593115,5398.978304548931,5398.929074869648,5398.8776084019555,5398.823810850715,5398.767584330923,5398.708827250672,5398.647434191263,5398.583295784466,5398.516298586903,5398.446324951541,5398.373252896289,5398.296955969683,5398.2173031136645,5398.13415852345,5398.047381504486,5397.956826326515,5397.862342074747,5397.7637724981705,5397.660955855014,5397.553724755385,5397.441906001125,5397.32532042292,5397.203782714703,5397.077101265398,5396.945077988077,5396.807508146577,5396.664180179648,5396.514875522723,5396.359368427378,5396.19742577859,5396.028806909868,5395.853263416406,5395.670538966327,5395.480369110182,5395.282481088819,5395.076593639762,5394.862416802277,5394.6396517212515,5394.407990450094,5394.167115752815,5393.91670090549,5393.656409497305,5393.3858952314,5393.104801725745,5392.812762314259,5392.509399848447,5392.194326499803,5391.867143563241,5391.527441261856,5391.174798553286,5390.808782937993,5390.428950269785,5390.034844568898,5389.625997837981,5389.201929881346,5388.762148127831,5388.306147457681,5387.833410033795,5387.343405137786,5386.835589011223,5386.309404702505,5385.764281919791,5385.199636890432,5384.614872227361,5384.009376802898,5383.382525630459,5382.7336797546395,5382.062186150179,5381.367377630287,5380.648572764866,5379.905075809126,5379.136176643123,5378.341150722747,5377.5192590427005,5376.669748111988,5375.791849942484,5374.884782051098,5373.9477474761015,5372.979934808146,5371.980518236543,5370.948657611323,5369.883498521636,5368.784172391024,5367.649796590099,5366.479474567157,5365.272295997246,5364.027336950201,5362.743660078139,5361.420314822917,5360.056337644017,5358.650752267315,5357.202569955198,5355.7107897984315,5354.174399030196,5352.592373362675,5350.963677346563,5349.28726475381,5347.562078983939,5345.787053494197,5343.961112253804,5342.083170222508,5340.152133853644,5338.166901621833,5336.126364575449,5334.02940691391,5331.874906589844,5329.661735936097,5327.3887623175515,5325.0548488076365,5322.658854889391,5320.199637180869,5317.676050184662,5315.086947061202,5312.43118042553,5309.707603167079,5306.915069292035,5304.052434787742,5301.118558508561,5298.112303082551,5295.032535838257,5291.87812975086,5288.647964406848,5285.340926986314,5281.955913261962,5278.491828613771,5274.9475890582635,5271.322122291241,5267.6143687427775,5263.823282643218,5259.947833098853,5255.9870051759,5251.93980099133,5247.805240809066,5243.582364139979,5239.27023084409,5234.867922233299,5230.374542172947,5225.789218180441,5221.111102519143,5216.339373285678,5211.47323548877,5206.511922117679,5201.4546951983,5196.3008468349235,5191.049700235653,5185.700610719453,5180.25296670277,5174.706190663677,5169.059740081461,5163.3131083495955,5157.465825660015,5151.517459856643,5145.467617256112,5139.3159434336585,5133.062123972164,5126.705885172389,5120.246994722435,5113.685262324549,5107.020540277404,5100.252724012058,5093.381752579854,5086.4076090905655,5079.3303210992035,5072.149960939937,5064.866646005691,5057.480538972056,5049.991847964247,5042.4008266659575,5034.707774369034,5026.913035963036,5019.0170018638455,5011.02010788062,5002.922835020491,4994.725709230573,4986.429301076937,4978.034225360392,4969.541140669,4960.95074886745,4952.263794523529,4943.481064272084,4934.603386117018,4925.631628672035,4916.566700340956,4907.409548438646,4898.161158253673,4888.822552054035,4879.394788037405,4869.8789592275025,4860.276192318357,4850.587646468363,4840.814512046164,4830.958009330559,4821.0193871667425,4810.999921581317,4800.900914358651,4790.723691581265,4780.469602137035,4770.140016196121,4759.736323660603,4749.25993258992,4738.712267605257,4728.0947682761325,4717.408887492469,4706.656089825499,4695.837849880891,4684.955650647527,4674.010981845375,4663.005338275898,4651.940218178484,4640.817121596315,4629.637548755118,4618.402998458183,4607.114966501012,4595.774944108862,4584.384416400455,4572.944860880974,4561.45774596743,4549.924529549362,4538.346657587739,4526.725562754814,4515.062663117535,4503.359360867019,4491.617041096418,4479.83707062937,4468.020796901077,4456.169546893866,4444.284626128939,4432.367317715825,4420.418881460881,4408.4405530359845,4396.433543208397,4384.399037132556,4372.33819370439,4360.252144978538,4348.141995648676,4336.008822590934,4323.853674470238,4311.677571409182,4299.481504718871,4287.266436690996,4275.033300450204,4262.782999865687,4250.516409520725,4238.234374738754,4225.937711664417,4213.627207397863,4201.30362018046,4188.967679629966,4176.620087023052,4164.261515623002,4151.892611050308,4139.513991693792,4127.126249159816,4114.729948757083,4102.325630014474,4089.9138072293463,4077.4949700436637,4065.0695840453404,4052.6380913921557,4040.2009114556213,4027.758441482181,4015.31105726917,4002.859113852985,3990.402946206972,3977.94286994659,3965.4791820394857,3953.0121615181743,3940.5420701931125,3928.069153364041,3915.593640527557,3903.1157460789973,3890.6356700067986,3878.1535985776272,3865.6697050106764,3853.1841501396484,3840.697083061064,3828.208641767646,3815.7189537656673,3803.228136675254,3790.736298812772,3778.2435397545296,3765.74995088116,3753.255615902155,3740.7606113601305,3728.265007114522,3715.768866804503,3703.2722482910267,3690.7752040779806,3678.2777817125343,3665.7800241648533,3653.281970187414,3640.783654654243,3628.2851088804614,3615.7863609225815,3603.287435860049,3590.788356058581,3578.2891414158867,3565.789809590391,3553.290376213621,3540.790855086926,3528.291258363235,3515.7915967145527,3503.2918794859156,3490.7921148365317,3478.292309868817,3465.7924707460493,3453.2926027993376,3440.7927106246093,3428.2927981702815,3415.792868816281,3403.2929254450514,3390.7929705051515,3378.293006068052,3365.7930338786737,3353.2930554002187,3340.7930718537937,3328.2930842533096,3315.793093436101,3303.293100089697,3290.793104775125,3278.2931079471205,3265.7931099715765,3253.293111140543,3240.7931116850596,3228.2931117860862,3215.7931099651396,3203.293104759416,3190.7930937060482,3178.2930716893557,3165.793031817897,3153.2929625104944,3140.792845527012,3128.2926531473504,3115.7923426873194,3103.291849854101,3090.7910785588897,3078.289886449875,3065.788064901033,3053.2853104527567,3040.781185793743,3028.2750661115065,3015.766066007647,3003.2529417350224,2990.7339609456894,2978.206731370799,2965.6679781421017,2953.11325754066,2940.536593907942,2927.930025209473,2915.2830425633656,2902.5819099736627,2889.808852817774,2876.9411085467245,2863.9498404333035,2850.798925956132,2837.4436461045175,2823.829320266968,2809.88995349544,2795.5469878721447,2780.7082757767694,2765.2674176999626,2749.1036273365676,2732.0822977882135,2714.0564398637407,2694.8691415811063,2674.357152760628,2652.3556272269348,2628.7039576088455,2603.252518003918,2575.869996513884,2546.450866678465,2514.922432525277,2481.2508076167646,2445.4451754909987,2407.559744709035,2367.692965324367,2325.9838111332,2282.6052339007038,2237.7552261704905,2191.646239703641,2144.4939429074884,2096.506413553783,2047.8748201746334,1998.7664414508668,1949.3205350734622,1899.6471540385005,1849.8285971909609,1799.9228523280267,1749.9682062685238,1699.9881835864378,1649.9961179094648,1599.9989032059534,1549.9997440092266,1499.9999536946416,1449.9999942258,1399.999999627471,1350.0,1300.0,1250.0,1200.0,1150.0,1100.0,1050.0,1000.0,950.0,900.0,850.0,800.0,750.0,700.0,650.0,600.0,550.0,500.0,450.0,400.0,350.0,300.0,250.0,200.0,150.0,100.0,50.0,0.0
28,5599.9591930228025,5599.956958341235,5599.954605608156,5599.95212884631,5599.949521790967,5599.946777876967,5599.943890225224,5599.94085162868,5599.937654537679,5599.934291044745,5599.930752868748,5599.927031338427,5599.923117375251,5599.919001475602,5599.914673692239,5599.91012361504,5599.9053403509815,5599.900312503339,5599.895028150071,5599.889474821383,5599.883639476409,5599.877508479016,5599.871067572683,5599.864301854436,5599.857195747795,5599.8497329747215,5599.841896526517,5599.833668633657,5599.825030734509,5599.81596344292,5599.806446514635,5599.7964588125,5599.785978270427,5599.77498185609,5599.763445532293,5599.751344217007,5599.7386517420055,5599.725340810087,5599.711382950829,5599.696748474845,5599.681406426503,5599.665324535066,5599.6484691642145,5599.630805259908,5599.612296296558,5599.5929042214575,5599.5725893974295,5599.551310543663,5599.529024674688,5599.505687037451,5599.481251046445,5599.455668216867,5599.428888095746,5599.4008581910175,5599.371523898491,5599.3408284266825,5599.308712719459,5599.27511537648,5599.239972571371,5599.203217967613,5599.1647826321005,5599.124594946339,5599.082580515252,5599.038662073544,5598.992759389621,5598.944789167007,5598.894664943253,5598.84229698629,5598.787592188226,5598.730453956531,5598.670782102632,5598.608472727857,5598.54341810674,5598.475506567668,5598.4046223708465,5598.330645583596,5598.253451952961,5598.172912775631,5598.088894765185,5598.001259916655,5597.909865368426,5597.814563261481,5597.715200596015,5597.611619085432,5597.503655007761,5597.391139054524,5597.273896177077,5597.151745430498,5597.024499815033,5596.891966115185,5596.753944736488,5596.610229540044,5596.4606076748805,5596.304859408228,5596.142757953789,5595.974069298098,5595.798552025066,5595.615957138837,5595.42602788505,5595.228499570643,5595.023099382337,5594.809546203922,5594.587550432516,5594.356813793946,5594.117029157414,5593.867880349641,5593.609041968647,5593.340179197399,5593.06094761751,5592.770993023197,5592.469951235754,5592.157447918747,5591.83309839419,5591.496507459957,5591.147269208701,5590.784966848546,5590.4091725258495,5590.019447150334,5589.615340222892,5589.19638966639,5588.7621216597945,5588.3120504759645,5587.845678323466,5587.362495192762,5586.861978707154,5586.343593978853,5585.806793470583,5585.251016863093,5584.675690929016,5584.080229413474,5583.464032921861,5582.826488815252,5582.166971113854,5581.484840408984,5580.779443784005,5580.050114744695,5579.296173159524,5578.516925210304,5577.711663353694,5576.879666294057,5576.0201989681345,5575.13251254205,5574.215844421115,5573.2694182729465,5572.292444064365,5571.284118112595,5570.243623151231,5569.170128411464,5568.062789719057,5566.920749607536,5565.743137448073,5564.529069596527,5563.277649558087,5561.987968169976,5560.659103802628,5559.290122579793,5557.880078617932,5556.428014285332,5554.932960481297,5553.393936935772,5551.809952529736,5550.180005636688,5548.503084485515,5546.778167544993,5545.004223930199,5543.180213831009,5541.305088962897,5539.377793040184,5537.397262271848,5535.3624258800055,5533.272206641095,5531.125521449808,5528.921281905724,5526.658394922602,5524.335763360232,5521.95228667868,5519.506861614777,5516.998382880585,5514.425743883578,5511.787837468217,5509.0835566785245,5506.31179554126,5503.471449869195,5500.561418083983,5497.580602058031,5494.5279079747415,5491.402247206447,5488.202537209289,5484.927702434247,5481.576675253475,5478.148396901024,5474.641818427018,5471.055901664238,5467.3896202060705,5463.641960394682,5459.811922318252,5455.898520816029,5451.900786489937,5447.817766721391,5443.648526691956,5439.3921504064,5435.047741716692,5430.614425345406,5426.0913479069795,5421.477678925224,5416.772611845447,5411.975365039513,5407.085182802137,5402.101336336671,5397.0231247286265,5391.849875905142,5386.580947578591,5381.215728172512,5375.753637728019,5370.194128788861,5364.536687263274,5358.780833260784,5352.926121902118,5346.972144100389,5340.918527311733,5334.7649362536,5328.5110735889275,5322.156680574425,5315.701537671275,5309.145465116564,5302.488323453798,5295.730014020932,5288.870479394366,5281.909703787446,5274.8477134020395,5267.68457673186,5260.42040481627,5253.055351443368,5245.589613301248,5238.023430076437,5230.3570844985525,5222.590902330385,5214.725252302666,5206.7605459929,5198.697237647755,5190.535823948623,5182.276843720059,5173.920877580948,5165.468547538359,5156.920516524182,5148.277487874753,5139.540204753833,5130.709449519386,5121.786043034804,5112.770843925283,5103.664747780251,5094.468686302842,5085.183626407559,5075.810569267399,5066.350549311837,5056.804633177204,5047.173918611106,5037.4595333326715,5027.662633850519,5017.784404240471,5007.8260548851185,4997.788821177502,4987.67396219122,4977.482759319421,4967.21651488519,4956.876550725949,4946.464206754568,4935.980839499946,4925.427820629878,4914.8065354591145,4904.118381445536,4893.364766677412,4882.547108354762,4871.666831267842,4860.725366275811,4849.724148788612,4838.664617255134,4827.548211660675,4816.376372036735,4805.150536986098,4793.872142226164,4782.542619153417,4771.16339343185,4759.735883608125,4748.2614997561495,4736.741642153667,4725.177699993373,4713.571050130957,4701.923055872376,4690.235065802527,4678.508412657378,4666.744412241481,4654.944362392648,4643.10954199545,4631.241210045015,4619.34060476249,4607.408942763343,4595.447418279544,4583.457202436492,4571.439442585389,4559.395261691613,4547.32575777945,4535.232003433404,4523.115045356122,4510.975903982822,4498.815573151927,4486.635019831476,4474.435183900707,4462.216977986057,4449.981287350686,4437.72896983648,4425.460855857347,4413.177748442504,4400.880423328311,4388.569629097103,4376.246087361351,4363.91049299139,4351.563514384855,4339.205793775874,4326.837947582001,4314.460566786806,4302.07421735596,4289.6794406846375,4277.276754073991,4264.866651234438,4252.449602813481,4240.026056945756,4227.596439823028,4215.161156281832,4202.7205904064995,4190.275106145324,4177.82504793764,4165.370741349672,4152.912493717006,4140.450594791636,4127.985317391578,4115.516918051128,4103.0456376699,4090.57170215887,4078.0953230817454,4065.6166982900536,4053.136012550438,4040.653438162766,4028.1691355677203,4015.6832539426764,4003.195931784747,3990.70729747999,3978.217469857878,3965.72655873022,3953.2346654138414,3940.741883236415,3928.2482980249442,3915.7539885764863,3903.259027110802,3890.763479704706,3878.2674067079784,3865.770863140779,3853.2738990725843,3840.7765599827426,3828.278887102808,3815.7809177408826,3803.282685588256,3790.784221008673,3778.2855513106333,3765.78670100315,3753.28769203544,3740.7885440210607,3728.2892744470214,3715.789898868441,3703.2904310893273,3690.790883330077,3678.2912663823026,3665.791589751605,3653.291861788907,3640.7920898109646,3628.292280210669,3615.7924385577517,3603.292569690476,3590.792677798912,3578.292766500356,3565.7928389074473,3553.2928976895173,3540.79294512768,3528.2929831641623,3515.7930134463345,3503.2930373658955,3490.79305609363,3478.293070610139,3465.7930817329147,3453.2930901401214,3440.793096391393,3428.293100945968,3415.7931041784313,3403.293106392334,3390.793107831915,3378.2931086921617,3365.7931091273877,3353.2931092585286,3340.7931085454807,3328.2931059504185,3315.7931002157775,3303.293088645469,3290.793067325799,3278.2930298921815,3265.7929660783147,3253.292860467274,3240.7926891166508,3228.2924157228076,3215.791985918603,3203.291318689856,3190.7902946923923,3178.2887395306834,3165.7864005024776,3153.2829145550804,3140.777764209128,3128.270217965499,3115.7592501372546,3103.2434341630023,3090.7208023183575,3078.1886629016926,3065.643364857696,3053.0799983445927,3040.4920185470837,3027.870779553507,3015.204965199072,3002.479905188671,2989.676767813977,2976.7716256542917,2963.734398490809,2950.527688434893,2937.1055364364825,2923.412146916833,2909.3806477291487,2894.9319751913295,2879.973996887219,2864.4010059022935,2848.0937360278176,2830.9200543556726,2812.736481374778,2793.3906649613423,2772.724890058944,2750.580638536781,2726.8041243129337,2701.252621398933,2673.8012851890207,2644.3500523741236,2612.8301082343633,2579.209349790261,2543.496267055245,2505.7417264937253,2466.038277496452,2424.5168102838684,2381.34065524337,2336.6974993535396,2290.789764806375,2243.8243034422594,2196.002367180877,2147.510791454266,2098.5151693547487,2049.155518534864,1999.544595618861,1949.7686561642597,1899.890158290019,1849.951719389077,1799.9805864501275,1749.9929666317312,1699.9977496770248,1649.9993814445845,1599.9998596832156,1549.9999753572047,1499.9999970197678,1449.9999998137355,1400.0,1350.0,1300.0,1250.0,1200.0,1150.0,1100.0,1050.0,1000.0,950.0,900.0,850.0,800.0,750.0,700.0,650.0,600.0,550.0,500.0,450.0,400.0,350.0,300.0,250.0,200.0,150.0,100.0,50.0,0.0
29,5799.917986680194,5799.913656495633,5799.909106594242,5799.904326344013,5799.899304627684,5799.894029822208,5799.888489777428,5799.8826717939555,5799.876562600209,5799.870148328593,5799.863414490798,5799.856345952172,5799.848926905162,5799.8411408417805,5799.832970525063,5799.82439795951,5799.815404360458,5799.80597012236,5799.796074785948,5799.785697004232,5799.774814507323,5799.763404066024,5799.751441454173,5799.738901409699,5799.725757594355,5799.711982552091,5799.697547666045,5799.682423114087,5799.666577822929,5799.649979420707,5799.632594188049,5799.614387007554,5799.595321311679,5799.575359028967,5799.554460528598,5799.53258456322,5799.509688210021,5799.485726810013,5799.4606539054785,5799.434421175549,5799.406978369887,5799.3782732404225,5799.348251471112,5799.316856605691,5799.2840299733725,5799.249710612475,5799.213835191924,5799.176337930619,5799.137150514612,5799.096202012073,5799.053418786032,5799.008724404828,5798.962039550282,5798.913281923533,5798.862366148537,5798.809203673188,5798.753702668047,5798.695767922665,5798.635300739476,5798.572198825239,5798.5063561800325,5798.437662983775,5798.366005480278,5798.291265858804,5798.213322133157,5798.132048018284,5798.047312804398,5797.958981228631,5797.866913344232,5797.7709643873095,5797.670984641162,5797.566819298197,5797.458308319469,5797.345286291892,5797.22758228312,5797.105019694178,5796.9774161098685,5796.844583147005,5796.70632630054,5796.562444787639,5796.412731389773,5796.2569722929165,5796.094946925906,5795.92642779707,5795.7511803292155,5795.56896269307,5795.379525639291,5795.182612329157,5794.977958164059,5794.765290613934,5794.544329044761,5794.314784545285,5794.076359753108,5793.8287486803165,5793.57163653882,5793.304699565566,5793.027604847844,5792.740010148845,5792.441563733711,5792.131904196274,5791.810660286712,5791.4774507403545,5791.131884107892,5790.773558587219,5790.402061857197,5790.016970913592,5789.617851907474,5789.204259986371,5788.775739138467,5788.331822040163,5787.87202990732,5787.395872350496,5786.902847234529,5786.392440542814,5785.864126246604,5785.317366179722,5784.751609919041,5784.1662946711185,5783.560845165366,5782.934673554141,5782.28717932018,5781.61774919176,5780.925757066015,5780.21056394082,5779.471517855672,5778.707953841985,5777.919193883252,5777.104546885492,5776.263308658434,5775.3947619078735,5774.498176239652,5773.572808175696,5772.617901182567,5771.632685712965,5770.616379260628,5769.568186429064,5768.487299014568,5767.37289610393,5766.224144187289,5765.0401972865375,5763.820197099693,5762.563273161653,5761.268543021713,5759.935112438243,5758.562075590896,5757.148515310706,5755.693503328425,5754.196100541421,5752.655357299462,5751.070313709676,5749.439999960965,5747.763436668124,5746.039635235906,5744.267598243231,5742.446319847742,5740.574786210847,5738.651975943393,5736.676860572067,5734.648405026596,5732.565568147799,5730.427303216473,5728.232558503116,5725.980277838404,5723.669401204338,5721.298865345909,5718.86760440312,5716.374550563144,5713.818634732362,5711.198787227974,5708.51393848886,5705.7630198052775,5702.944964066995,5700.058706529359,5697.103185596776,5694.077343623058,5690.980127727989,5687.810490629457,5684.567391490442,5681.249796780094,5677.85668114808,5674.387028311364,5670.839831952486,5667.214096628407,5663.508838688898,5659.723087203439,5655.855884895516,5651.906289083191,5647.873372624736,5643.756224868123,5639.553952603084,5635.265681014424,5630.890554635247,5626.427738298692,5621.876418086761,5617.23580227477,5612.505122269939,5607.683633542596,5602.770616548448,5597.765377640343,5592.667249967941,5587.475594363667,5582.189800213331,5576.809286309767,5571.333501687855,5565.761926439258,5560.094072505237,5554.329484445872,5548.4677401840645,5542.508451722663,5536.451265833111,5530.295864713997,5524.0419666179305,5517.689326445199,5511.2377363026635,5504.6870260264195,5498.037063666769,5491.287755934101,5484.439048604321,5477.490926882536,5470.443415723736,5463.296580109306,5456.050525278237,5448.705396911993,5441.261381272073,5433.718705289351,5426.077636604413,5418.338483558134,5410.501595131886,5402.567360836823,5394.536210551799,5386.408614309569,5378.1850820310465,5369.866163207455,5361.4524465303675,5352.944559469693,5344.343167799819,5335.6489750742,5326.862722048814,5317.985186055026,5309.0171803225,5299.959553252931,5290.813187645473,5281.578999874864,5272.257939023365,5262.850985967719,5253.359152422492,5243.783479941232,5234.125038876993,5224.384927303902,5214.564269901527,5204.664216803891,5194.685942415118,5184.630644193735,5174.499541407772,5164.293873862875,5154.014900605727,5143.663898605129,5133.24216141318,5122.75099780903,5112.191730427759,5101.565694376941,5090.874235843545,5080.118710693803,5069.300483068735,5058.4209239780175,5047.481409894915,5036.483321354953,5025.428041561065,5014.316954997863,5003.151446057725,4991.932897681301,4980.662690015067,4969.3421990884335,4957.972795512944,4946.555843205959,4935.092698141219,4923.584707128562,4912.033206624993,4900.439521579243,4888.804964311815,4877.130833432442,4865.418412796778,4853.668970503993,4841.8837579368665,4830.064008845834,4818.210938478297,4806.3257427543995,4794.409597490338,4782.4636576701105,4770.489056766509,4758.486906111968,4746.4582943198,4734.404286756151,4722.325925062895,4710.224226731548,4698.1001847281095,4685.95476716864,4673.788917045205,4661.6035520017285,4649.3995641591,4637.17781998882,4624.939160234306,4612.68439987885,4600.414328159152,4588.129708623188,4575.831279231106,4563.519752497732,4551.195815675179,4538.860130973971,4526.513335821002,4514.156043152616,4501.788841740979,4489.41229655192,4477.026949132321,4464.633318025122,4452.231899209986,4439.8231665676085,4427.407572365692,4414.985547764561,4402.5575033404,4390.123829624133,4377.6848976539295,4365.241059539406,4352.792649035563,4340.339982124577,4327.883357603588,4315.42305767668,4302.959348549308,4290.492481023472,4278.022691092024,4265.550200530545,4253.075217485312,4240.597937055939,4228.118541871376,4215.637202658014,4203.154078798729,4190.669318881795,4178.183061238672,4165.695434469761,4153.206557957318,4140.716542364792,4128.225490121942,4115.733495895184,4103.24064704268,4090.7470240537914,4078.252700972574,4065.7577458050832,4053.2622209103283,4040.7661833747848,4028.269685370445,4015.7727744964486,4003.275494104393,3990.7778836074935,3978.279978773792,3965.7818120036904,3953.2834125921026,3940.784806975583,3928.286018964805,3915.787069962812,3903.2879791694786,3890.7887637726553,3878.289439126477,3865.790018917344,3853.2905153180895,3840.790939130861,3828.291299919241,3815.79160613015,3803.291865206053,3790.7920836880094,3778.292267310085,3765.7924210856413,3753.292549386012,3740.7926560120573,3728.292744259074,3715.7928169755305,3703.2928766160703,3690.792925289217,3678.292964800188,3665.792996689219,3653.2930222657587,3640.7930426389044,3628.2930587443916,3615.793071368471,3603.2930811689494,3590.7930886936842,3578.2930943967717,3565.7930986526762,3553.2931017685137,3540.7931039946916,3528.2931055340878,3515.7931065499424,3503.2931071726057,3490.7931075052916,3478.2931076289533,3465.7931074259914,3453.2931061598215,3440.7931031922553,3428.293097125982,3415.793085706483,3403.293065462548,3390.793030709319,3378.2929727731685,3365.792878220538,3353.2927265488943,3340.7924870194743,3328.2921135716747,3315.7915380266986,3303.290660330589,3290.7893347425747,3278.2873507952936,3265.7844068981954,3253.2800742657073,3240.773748028937,3228.264581502794,3215.7513987964603,3203.2325796274217,3190.7059091175893,3178.168384072176,3165.6159658259953,3153.043268750298,3140.4431726429,3127.8063469412073,3115.120675335331,3102.3705711171547,3089.5361770352374,3076.5924488818036,3063.50812994963,3050.2446342449684,3036.7548699991275,3022.982051563362,3008.858566690242,2994.3049864636505,2979.2293251981528,2963.5266752049756,2947.079353522732,2929.757701143171,2911.421666258524,2891.923278161376,2871.1100749479738,2848.8294849346057,2824.9340798102676,2799.2875210837537,2771.770917854574,2742.289214310215,2710.777143431409,2677.204234488695,2641.578360743027,2603.947371695793,2564.3984763363414,2523.0552261789576,2480.0721748614633,2435.6275394390577,2389.914423634745,2343.1313479159508,2295.472931025526,2247.1215586087933,2198.2407500367094,2148.970708619153,2099.426247883557,2049.69697723225,1999.8493588456388,1949.930061527018,1899.969964764017,1849.9882101389571,1799.995833827787,1749.998701023843,1699.9996523706614,1649.9999232967384,1599.9999869102612,1549.9999984633178,1499.9999999068677,1450.0,1400.0,1350.0,1300.0,1250.0,1200.0,1150.0,1100.0,1050.0,1000.0,950.0,900.0,850.0,800.0,750.0,700.0,650.0,600.0,550.0,500.0,450.0,400.0,350.0,300.0,250.0,200.0,150.0,100.0,50.0,0.0
30,5999.840795667981,5999.832700020464,5999.824210401155,5999.815308629726,5999.805975741065,5999.796191954271,5999.785936640586,5999.775188290212,5999.76392447799,5999.7521218279235,5999.739755976492,5999.72680153475,5999.713232049148,5999.699019961077,5999.684136565078,5999.668551965697,5999.652235032945,5999.635153356343,5999.617273197498,5999.598559441194,5999.578975544958,5999.5584834870615,5999.537043712938,5999.514615079964,5999.4911548005875,5999.4666183837535,5999.44095957461,5999.414130292445,5999.386080566836,5999.356758471961,5999.326110059063,5999.294079287009,5999.260607950934,5999.22563560893,5999.189099506745,5999.15093450047,5999.111072977186,5999.069444773539,5999.025977092212,5998.980594416286,5998.933218421442,5998.883767886,5998.832158598765,5998.778303264662,5998.722111408139,5998.663489274324,5998.602339727924,5998.538562149846,5998.472052331539,5998.402702367035,5998.330400542702,5998.255031224688,5998.176474744067,5998.094607279681,5998.009300738697,5997.920422634864,5997.82783596451,5997.73139908027,5997.63096556258,5997.526384088951,5997.417498301053,5997.304146669639,5997.186162357346,5997.063373079406,5996.9356009623225,5996.802662400549,5996.664367911232,5996.520521987077,5996.3709229473925,5996.215362787401,5996.053627025872,5995.885494551168,5995.710737465802,5995.529120929569,5995.340403001396,5995.144334479975,5994.9406587433205,5994.729111587356,5994.509421063669,5994.281307316561,5994.0444824195365,5993.798650211384,5993.543506131992,5993.2787370580945,5993.004021139081,5992.719027633082,5992.423416743503,5992.116839456208,5991.798937377557,5991.469342573515,5991.127677410042,5990.773554395015,5990.406576021893,5990.026334615401,5989.632412179465,5989.224380247675,5988.801799736544,5988.364220801844,5987.911182698303,5987.442213642972,5986.956830682557,5986.454539565023,5985.934834615815,5985.397198618993,5984.841102703636,5984.266006235863,5983.671356716794,5983.056589686841,5982.421128636661,5981.764384925161,5981.085757704921,5980.384633855412,5979.6603879243985,5978.912382077908,5978.139966059163,5977.342477156879,5976.519240183306,5975.669567462437,5974.7927588287785,5973.888101637071,5972.954870783391,5971.992328738017,5970.999725590462,5969.976299107088,5968.92127480169,5967.833866019435,5966.713274034566,5965.55868816224,5964.369285884885,5963.1442329934425,5961.882683743864,5960.583781029216,5959.246656567732,5957.870431107151,5956.454214645653,5954.997106669719,5953.49819640918,5951.956563109763,5950.371276323371,5948.741396216353,5947.065973895981,5945.344051755351,5943.5746638368655,5941.75683621449,5939.8895873948895,5937.971928737576,5936.002864894147,5933.9813942666715,5931.90650948525,5929.777197904758,5927.592442120735,5925.351220504357,5923.052507756407,5920.695275480093,5918.278492772577,5915.801126834991,5913.262143600724,5910.660508381685,5907.995186532251,5905.265144130523,5902.469348676529,5899.606769806908,5896.67638002563,5893.677155450218,5890.608076572919,5887.4681290362305,5884.256304422129,5880.971601054325,5877.613024812808,5874.179589959914,5870.6703199770955,5867.084248411551,5863.420419731794,5859.67789019124,5855.855728698816,5851.953017695575,5847.968854036255,5843.902349874678,5839.752633551854,5835.518850485607,5831.200164060522,5826.79575651697,5822.304829837922,5817.726606632258,5813.060331013238,5808.305269470763,5803.460711736049,5798.525971637306,5793.500387944992,5788.3833252052045,5783.174174559736,5777.872354551346,5772.477311912752,5766.988522337862,5761.4054912337615,5755.727754451964,5749.95487899745,5744.086463714005,5738.122139944411,5732.061572164019,5725.904458586279,5719.650531738829,5713.299559008725,5706.8513431554875,5700.305722790625,5693.662572822334,5686.921804864163,5680.083367606396,5673.147247149033,5666.113467295247,5658.982089804274,5651.753214602757,5644.426979953597,5637.003562581478,5629.483177754262,5621.866079319539,5614.152559695698,5606.342949816963,5598.437619031899,5590.436974955028,5582.341463271218,5574.151567492661,5565.867808668291,5557.490745045649,5549.020971685239,5540.459120027553,5531.805857413044,5523.061886555395,5514.22794496857,5505.304804348211,5496.29326990806,5487.194179672172,5478.0084037238075,5468.736843411967,5459.380430516664,5449.940126374091,5440.416920962967,5430.811831953428,5421.125903719916,5411.360206319629,5401.515834438151,5391.593906304004,5381.595562573909,5371.5219651906355,5361.374296215404,5351.153756636839,5340.861565158573,5330.498956967638,5320.067182485831,5309.567506106308,5299.001204917688,5288.369567417973,5277.673892220666,5266.915486755432,5256.095665965715,5245.215751005714,5234.277067939112,5223.280946441993,5212.228718512323,5201.121717188386,5189.961275278547,5178.748724104657,5167.485392261418,5156.172604393938,5144.811679995706,5133.403932229126,5121.950666770701,5110.453180682883,5098.912761314551,5087.330685231976,5075.70821718205,5064.046609089492,5052.34709908961,5040.610910598129,5028.83925141948,5017.033312894842,5005.194269091095,4993.323276031772,4981.421470970942,4969.489971710846,4957.529875964002,4945.54226076036,4933.528181899956,4921.488673451409,4909.424747296473,4897.337392720714,4885.227576050304,4873.096240334745,4860.944305075259,4848.772665998453,4836.582194874729,4824.373739380832,4812.148123005796,4799.9061449994515,4787.648580362551,4775.3761798774885,4763.089670178471,4750.789753859945,4738.47710962197,4726.152392451178,4713.816233835884,4701.469242013837,4689.112002251058,4676.745077150158,4664.369006986488,4651.984310070419,4639.5914831340515,4627.191001740593,4614.783320714661,4602.368874591734,4589.94807808497,4577.521326567635,4565.088996569381,4552.65144628461,4540.209016091219,4527.762029078023,4515.310791579181,4502.855593714013,4490.396709930618,4477.934399551753,4465.468907321489,4453.000463951217,4440.529286663641,4428.055579733427,4415.579535023299,4403.101332514378,4390.621140829677,4378.139117749717,4365.6554107193,4353.1701573445525,4340.683485879442,4328.195515701012,4315.706357772686,4303.216115095053,4290.724883143613,4278.232750293044,4265.739798227627,4253.246102337511,4240.751732100594,4228.256751449847,4215.761219125964,4203.2651890153,4190.76871047309,4178.271828632024,4165.7745846962725,4153.277016221128,4140.779157378466,4128.281039208259,4115.7826898564235,4103.28413479931,4090.7853970551832,4078.2864973830483,4065.787454469221,4053.288285102046,4040.7890043351968,4028.2896256399845,4015.79016104714,4003.2906212785106,3990.791015869144,3978.291353280217,3965.7916410032794,3953.2918856562574,3940.792093071692,3928.2922683776474,3915.792416071735,3903.2925400886784,3890.792643861848,3878.2927303791585,3865.7928022337305,3853.292861669691,3840.792910623474,3828.2929507609697,3815.7929835108484,3803.2930100943786,3790.7930315520284,3778.293048767135,3765.793062486904,3753.2930733409835,3740.793081857846,3728.2930884791886,3715.7930935725535,3703.293097442349,3690.7931003394465,3678.2931024695017,3665.793104000148,3653.29310506719,3640.7931057799137,3628.293106225625,3615.793106473506,3603.2931065778857,3590.7931065809908,3578.2931059893754,3565.7931044734587,3553.2931013179636,3540.793095209936,3528.293084260051,3515.7930653278463,3503.2930335297106,3490.792981352938,3478.2928972433283,3465.792763777338,3453.2925547815084,3440.7922313424783,3428.2917361360624,3415.790985252651,3403.2898569336276,3390.7881758405565,3378.285691350524,3365.7820479584725,3353.2767451216514,3340.769083345107,3328.2580924245067,3315.7424368200764,3303.220292137359,3290.6891854782584,3278.145791329095,3265.5856735406005,3253.0029630090253,3240.3899601920552,3227.7366516338125,3215.0301306247247,3202.2539143082427,3189.3871532811545,3176.403735445155,3163.2712938550717,3149.9501388283397,3136.392147707049,3122.5396611691294,3108.3244523391313,3093.6668531149007,3078.47513953956,3062.6452926154698,3046.0612600327863,3028.595844860597,3010.112336198462,2990.4669712537525,2969.512276248981,2947.1012743365864,2923.092473725199,2897.3554625157926,2869.7768452213177,2840.2661693588816,2808.76142086319,2775.233627416165,2739.6901114009206,2702.1759883131463,2662.773615883266,2621.5998600707385,2578.8012438051355,2534.547261431314,2489.022348001164,2442.4171565632705,2394.9198894917954,2346.70843106764,2297.943931109754,2248.766303610715,2199.2918571847204,2149.6130057502883,2099.7997636170194,2049.9025500017883,1999.955741157938,1949.981420788858,1899.9928768136988,1849.9975434884404,1799.9992531490939,1749.999805274345,1699.9999581780285,1649.9999930593185,1599.9999992083758,1549.9999999534339,1500.0,1450.0,1400.0,1350.0,1300.0,1250.0,1200.0,1150.0,1100.0,1050.0,1000.0,950.0,900.0,850.0,800.0,750.0,700.0,650.0,600.0,550.0,500.0,450.0,400.0,350.0,300.0,250.0,200.0,150.0,100.0,50.0,0.0
31,6199.7011014549535,6199.6864793921195,6199.671175946671,6199.655161204109,6199.638404033337,6199.620872042122,6199.602531531182,6199.5833474468445,6199.5632833322725,6199.5423012772,6199.520361866167,6199.497424125213,6199.473445466997,6199.448381634321,6199.422186642015,6199.394812717161,6199.366210237629,6199.336327668883,6199.305111499037,6199.27250617213,6199.238454019594,6199.202895189876,6199.165767576202,6199.12700674245,6199.086545847102,6199.044315565251,6199.0002440086555,6198.95425664379,6198.906276207896,6198.856222623,6198.804012907881,6198.749561087978,6198.692778103205,6198.63357171368,6198.571846403339,6198.507503281436,6198.440439981908,6198.370550560615,6198.297725390437,6198.221851054232,6198.142810235652,6198.060481607836,6197.974739719955,6197.885454881654,6197.792493045378,6197.6957156866065,6197.594979682016,6197.49013718559,6197.381035502707,6197.267516962225,6197.1494187866165,6197.026572960163,6196.898806095285,6196.765939297019,6196.627788025721,6196.484161958038,6196.334864846208,6196.179694375756,6196.018442021665,6195.850892903077,6195.676825636635,6195.496012188523,6195.30821772532,6195.113200463755,6194.910711519469,6194.700494754905,6194.482286626424,6194.255816030795,6194.020804151173,6193.776964302704,6193.524001777908,6193.26161369199,6192.989488828233,6192.707307483641,6192.414741315,6192.111453185559,6191.797097012475,6191.471317615266,6191.133750565444,6190.784022037542,6190.4217486617645,6190.046537378474,6189.657985294749,6189.255679543266,6188.83919714373,6188.408104867135,6187.961959103094,6187.500305730526,6187.0226799919665,6186.528606371794,6186.017598478656,6185.489158932393,6184.942779255782,6184.377939771379,6183.794109503814,6183.190746087829,6182.5672956824155,6181.923192891368,6181.257860690597,6180.5707103625555,6179.86114143811,6179.1285416462315,6178.372286871833,6177.591741122149,6176.786256501983,6175.955173198218,6175.097819473932,6174.213511672498,6173.3015542320345,6172.361239710575,6171.391848822314,6170.392650485303,6169.36290188096,6168.3018485257435,6167.208724355363,6166.082751821861,6164.923142003922,6163.729094730754,6162.499798719862,6161.234431729062,6159.932160723026,6158.592142054694,6157.21352166183,6155.795435279024,6154.337008665395,6152.837357848279,6151.295589383136,6149.710800629902,6148.082080046015,6146.4085074963,6144.689154579904,6142.923084974425,6141.1093547973915,6139.247012985196,6137.3351016895895,6135.372656691798,6133.358707834311,6131.292279470372,6129.17239093115,6126.998057010572,6124.768288467749,6122.482092546904,6120.138473514687,6117.736433214708,6115.274971639132,6112.753087517082,6110.1697789196305,6107.52404388107,6104.81488103616,6102.041290272982,6099.20227340101,6096.296834833971,6093.323982287033,6090.282727487804,6087.172086900606,6083.991082463452,6080.738742337088,6077.414101665466,6074.016203346933,6070.544098815423,6066.996848830855,6063.37352427796,6059.673206972664,6055.894990475157,6052.037980908739,6048.101297783462,6044.084074823609,6039.985460797973,6035.804620351881,6031.540734839877,6027.193003157963,6022.7606425742315,6018.242889556725,6013.6390005973335,6008.948253030502,6004.169945845493,5999.303400490964,5994.347961670551,5989.302998128184,5984.167903421804,5978.942096684169,5973.625023369414,5968.216155984023,5962.7149948008855,5957.121068555069,5951.4339351199915,5945.653182162651,5939.778427776578,5933.8093210911975,5927.745542856308,5921.586806000371,5915.332856161374,5908.983472188998,5902.538466616902,5895.997686103918,5889.361011843023,5882.628359936975,5875.799681739528,5868.874964161208,5861.854229938673,5854.737537866716,5847.524982992037,5840.21669676796,5832.812847169345,5825.313638766981,5817.719312760831,5810.030146971571,5802.246455789925,5794.368590083357,5786.396937059814,5778.331920088207,5770.173998475479,5761.923667200132,5753.5814566022045,5745.147932029753,5736.623693441999,5728.009374969367,5719.305644430745,5710.513202808394,5701.6327836809905,5692.66515261541,5683.6111065179375,5674.471472945676,5665.247109379012,5655.938902456097,5646.547767170379,5637.074646032305,5627.520508196406,5617.886348555054,5608.173186800259,5598.3820664549485,5588.514053875258,5578.570237225418,5568.5517254269125,5558.459647083607,5548.295149384663,5538.059396987073,5527.7535708797,5517.378867230788,5506.9364962209165,5496.427680863446,5485.853655814494,5475.2156661745585,5464.514966283883,5453.752818513714,5442.930492055589,5432.049261710812,5421.110406682275,5410.11520937077,5399.064954177932,5387.960926317959,5376.804410640179,5365.59669046457,5354.339046432252,5343.0327553729785,5331.6790891915625,5320.279313775168,5308.834687923299,5297.346462302296,5285.815878426063,5274.244167664676,5262.632550282456,5250.982234507015,5239.294415630689,5227.5702751456865,5215.810979914193,5204.017681374581,5192.19151478477,5180.333598503684,5168.445033311651,5156.526901770495,5144.58026762394,5132.606175238865,5120.6056490878345,5108.579693273207,5096.529291093025,5084.455404648795,5072.3589744951305,5060.2409193311505,5048.102135733407,5035.943497930007,5023.765857615524,5011.570043806142,4999.356862734446,4987.127097783109,4974.881509456709,4962.620835390754,4950.3457903969775,4938.0570665438345,4925.7553332710995,4913.441237537363,4901.1154039992,4888.778435220688,4876.430911911937,4864.073393195203,4851.706416897171,4839.330499865915,4826.946138311023,4814.553808165362,4802.153965466938,4789.747046759277,4777.33346950877,4764.913632537404,4752.487916469319,4740.056684189633,4727.620281313991,4715.179036667317,4702.733262770286,4690.283256332023,4677.829298747611,4665.371656599014,4652.910582158056,4640.44631389013,4627.97907695741,4615.50908372032,4603.03653423613,4590.561616753569,4578.084508202409,4565.605374677052,4553.124371913197,4540.64164575672,4528.157332623998,4515.671559952926,4503.184446643982,4490.6961034907235,4478.206633599207,4465.716132795821,4453.224690023166,4440.732387723595,4428.239302210155,4415.745504024679,4403.251058282864,4390.756025006217,4378.26045944079,4365.764412362699,4353.267930370438,4340.771056164084,4328.2738288114815,4315.776284001579,4303.278454285105,4290.780369302787,4278.282056001397,4265.783538837875,4253.284839971859,4240.785979446924,4228.286975360901,4215.787844025615,4203.2886001164325,4190.789256811989,4178.2898259245085,4165.7903180211,4153.290742536438,4140.79110787724,4128.2914215189285,4115.7916900948985,4103.291919478777,4090.79211486007,4078.2922808135763,4065.7924213629576,4053.2925400388176,4040.7926399316552,4028.2927237400327,4015.792793814293,4003.292852196142,3990.7929006544096,3978.2929407172687,3965.792973701204,3953.293000736987,3940.793022792904,3928.293040695483,3915.793055147928,3903.293066746479,3890.7930759948817,3878.2930833171595,3865.7930890688403,3853.2930935468075,3840.793096997908,3828.293099626455,3815.7931016007446,3803.293103058695,3790.7931041127104,3778.293104853861,3765.7931053554626,3753.293105676125,3740.7931058623444,3728.2931059506946,3715.7931059696703,3703.2931057137157,3690.7931049539256,3678.293103329965,3665.7931000789395,3653.293094168503,3640.7930838635475,3628.293066409132,3615.7930376083277,3603.292990956605,3590.792916585364,3578.2927996410176,3565.792617929097,3553.2923386148655,3540.7919134523927,3528.2912721232774,3515.7903129040765,3503.2888896720906,3490.78679409153,3478.283731249432,3465.7792866583072,3453.2728819660906,3440.7637159737087,3428.2506868257665,3415.732290306426,3403.2064881883452,3390.6705395566137,3378.120786975868,3365.5523884734775,3352.9589856178604,3340.3322976951204,3327.661632381216,3314.933304570377,3302.129957506941,3289.2297843891574,3276.205654470072,3263.02415565899,3249.644575872825,3236.017857890579,3222.085576952818,3207.779006198587,3193.0183512280446,3177.7122501169583,3161.757647119016,3145.0401546984713,3127.4350167814728,3108.8087735301597,3089.0217021997223,3067.931068200983,3045.395165148214,3021.278054047447,2995.454833758307,2967.817193791415,2938.2789250670367,2906.781004912755,2873.2958404666288,2837.830260070068,2800.426892723971,2761.1636740470217,2720.151359780897,2677.5291036785284,2633.4583472863187,2588.1154507675024,2541.683640103691,2494.344932206217,2446.2727078491635,2397.625526206532,2348.542621345424,2299.1413115810938,2249.516319551472,2199.7407819182235,2149.8685580861584,2099.9373525552974,2049.9721551088064,1999.9885690596748,1949.9957173304915,1899.9985578472842,1849.9995722061283,1799.9998912631627,1749.9999772519805,1699.9999963259324,1649.9999995925464,1599.999999976717,1550.0,1500.0,1450.0,1400.0,1350.0,1300.0,1250.0,1200.0,1150.0,1100.0,1050.0,1000.0,950.0,900.0,850.0,800.0,750.0,700.0,650.0,600.0,550.0,500.0,450.0,400.0,350.0,300.0,250.0,200.0,150.0,100.0,50.0,0.0
32,6399.456574839339,6399.43102988903,6399.404346993736,6399.376478748139,6399.347375938672,6399.316987482733,6399.285260366239,6399.252139579505,6399.217568051419,6399.181486581888,6399.143833772523,6399.104545955557,6399.063557120953,6399.02079884169,6398.976200197209,6398.929687694992,6398.881185190254,6398.83061380374,6398.777891837595,6398.722934689314,6398.665654763727,6398.605961383044,6398.543760694914,6398.478955578521,6398.411445548679,6398.341126657948,6398.2678913967575,6398.191628591531,6398.112223300824,6398.029556709471,6397.943506020759,6397.853944346623,6397.7607405958925,6397.663759360583,6397.562860800276,6397.457900524591,6397.348729473779,6397.235193797464,6397.117134731578,6396.994388473505,6396.866786055489,6396.734153216339,6396.596310271492,6396.453071981475,6396.304247418819,6396.149639833509,6395.989046517008,6395.822258664943,6395.649061238523,6395.469232824778,6395.282545495686,6395.088764666299,6394.887648951966,6394.678950024738,6394.462412469074,6394.237773636965,6394.004763502604,6393.763104516697,6393.512511460589,6393.252691300312,6392.983343040721,6392.704157579854,6392.41481756369,6392.1149972414605,6391.804362321682,6391.4825698291015,6391.149267962732,6390.804095955169,6390.446683933391,6390.076652781245,6389.693614003838,6389.297169594042,6388.886911901354,6388.4624235033225,6388.023277079802,6387.569035290273,6387.099250654473,6386.613465436606,6386.111211533402,6385.592010366275,6385.055372777887,6384.500798933377,6383.927778226557,6383.335789191367,6382.724299418882,6382.092765480187,6381.44063285542,6380.767335869296,6380.072297633444,6379.354929995849,6378.614633497758,6377.850797338354,6377.062799347528,6376.250005967099,6375.411772240797,6374.547441813349,6373.656346939008,6372.737808499856,6371.791136034218,6370.815627775513,6369.810570701891,6368.775240596964,6367.708902121978,6366.610808899736,6365.4802036105975,6364.316318100862,6363.118373503854,6361.885580374004,6360.617138834223,6359.31223873685,6357.970059838465,6356.589771988816,6355.170535334134,6353.711500535066,6352.211808999477,6350.670593130324,6349.086976588813,6347.460074573041,6345.788994112283,6344.072834377085,6342.310687005313,6340.501636444271,6338.6447603089855,6336.739129756759,6334.783809878021,6332.777860103547,6330.720334628037,6328.610282850052,6326.4467498282775,6324.228776754053,6321.955401440069,6319.625658825141,6317.23858149489,6314.79320021819,6312.288544499145,6309.723643144406,6307.097524845528,6304.409218776101,6301.657755203317,6298.842166113622,6295.961485852052,6293.0147517748455,6290.001004914862,6286.919290659324,6283.768659439346,6280.548167430708,6277.256877265272,6273.893858752406,6270.458189609766,6266.948956202742,6263.3652542918235,6259.70618978714,6255.970879509374,6252.158451956215,6248.268048073504,6244.298822030177,6240.249941996075,6236.120590921699,6231.909967318894,6227.617286041501,6223.241779064905,6218.782696263454,6214.239306184653,6209.610896819042,6204.8967763646315,6200.096273984762,6195.208740558222,6190.233549420473,6185.17009709476,6180.01780401197,6174.776115217971,6169.444501067275,6164.022457901781,6158.509508713387,6152.9052037892625,6147.209121338569,6141.420868099414,6135.540079924843,6129.566422346693,6123.499591116125,6117.339312719676,6111.085344869705,6104.737476968114,6098.29553054225,6091.759359651936,6085.128851266597,6078.403925611479,6071.584536482024,6064.6706715254495,6057.662352488687,6050.559635431833,6043.362610906328,6036.071404097142,6028.686174928279,6021.207118130986,6013.634463274093,6005.968474755995,5998.209451757824,5990.357728157449,5982.41367240398,5974.377687352565,5966.25021005929,5958.031711536105,5949.722696465745,5941.323702876718,5932.835301778483,5924.258096757028,5915.592723531151,5906.839849469795,5898.000173070904,5889.074423402315,5880.063359505297,5870.967769761426,5861.788471223562,5852.526308911763,5843.18215507507,5833.756908420148,5824.251493307859,5814.66685891891,5805.00397838979,5795.263847920277,5785.44748585387,5775.555931732557,5765.590245327395,5755.551505646427,5745.440809921543,5735.259272575903,5725.008024173625,5714.688210353465,5704.300990748266,5693.8475378919675,5683.329036116046,5672.746680437226,5662.101675438372,5651.3952341444565,5640.628576895544,5629.802930218707,5618.919525700819,5607.9795988641545,5596.984388046736,5585.935133289324,5574.833075230972,5563.679454015018,5552.475508207365,5541.222473728882,5529.921582803691,5518.574062925122,5507.181135840994,5495.744016559907,5484.263912380127,5472.74202194259,5461.179534309525,5449.577628070075,5437.937470474278,5426.260216596644,5414.547008530541,5402.798974614471,5391.017228691268,5379.202869401154,5367.356979509497,5355.480625270033,5343.5748558242085,5331.640702637229,5319.679178971288,5307.691279396354,5295.677979338816,5283.640234668175,5271.578981321886,5259.495134968353,5247.389590707986,5235.263222812151,5223.11688449973,5210.9514077509375,5198.7676031579485,5186.566259811809,5174.348145225007,5162.1140052890305,5149.86456426613,5137.600524814461,5125.322568045689,5113.0313536140975,5100.72751983616,5088.411683839496,5076.084441740057,5063.746368846385,5051.3980198896825,5039.039929278452,5026.672611376393,5014.296560802233,5001.912252750137,4989.520143329334,4977.120669921571,4964.714251555001,4952.301289293119,4939.882166637332,4927.4572499417945,4915.026888839114,4902.591416675568,4890.15115095448,4877.706393786429,4865.257432345001,4852.804539326805,4840.347973414517,4827.887979741761,4815.424790358665,4802.958624696961,4790.489690033589,4778.018181951733,4765.544284798367,4753.068172137339,4740.590007197153,4728.109943312608,4715.6281243595495,4703.144685182009,4690.659752011086,4678.17344287497,4665.68586799957,4653.197130199254,4640.707325257276,4628.216542295507,4615.724864133149,4603.232367634166,4590.7391240431925,4578.245199309771,4565.750654400776,4553.25554560095,4540.75992480152,4528.263839776893,4515.767334449482,4503.27044914274,4490.773220822525,4478.275683326932,4465.777867584789,4453.279801823011,4440.781511763046,4428.283020806669,4415.784350211401,4403.285519255836,4390.786545395198,4378.2874444074305,4365.788230530168,4353.288916588921,4340.789514116815,4328.2900334662545,4315.790483912847,4303.290873751952,4290.791210388212,4278.29150041841,4265.791749708012,4253.291963461734,4240.792146288471,4228.292302260918,4215.792434970215,4203.292547575914,4190.792642851582,4178.292723226338,4165.79279082259,4153.292847490258,4140.792894837737,4128.292934259839,4115.79296696297,4103.29299398774,4090.793016229235,4078.293034455134,4065.7930493218814,4053.2930613890603,4040.793071132155,4028.29307895384,4015.793085193944,4003.2930901382174,3990.793094026027,3978.293097057088,3965.793099397333,3953.293101184019,3940.7931025301496,3928.2931035282986,3915.7931042538976,3903.2931047680577,3890.793105119981,3878.293105349013,3865.79310548638,3853.2931055566596,3840.793105579015,3828.2931054819055,3815.793105101466,3803.2931042522378,3790.793102534805,3778.293099355894,3765.793093757862,3753.293084185759,3740.793068292579,3728.2930424166548,3715.793000969762,3703.2929355303922,3690.7928334524568,3678.2926759483084,3665.792435311253,3653.292070981488,3640.791524033879,3628.290709452892,3615.789505453391,3603.287738783505,3590.7851646629333,3578.2814396537765,3565.776085216023,3553.268439182614,3540.7575917069207,3528.242301447751,3515.720886921793,3503.191087017819,3490.6498837292124,3478.0932792700796,3465.516018983545,3452.9112509912225,3440.2701135089674,3427.5812414000748,3414.830185105029,3401.998737828842,3389.064171087307,3375.9983846676723,3362.7669849461868,3349.3283154223013,3335.6324751856127,3321.620374498401,3307.222891106223,3292.3602052596275,3276.941404320668,3260.8644574132913,3244.016664709624,3226.2756823002323,3207.5112099019934,3187.587403022514,3166.3660325148685,3143.710362830014,3119.4896574590452,3093.5841497698766,3065.8902454923063,3036.3256572263062,3004.8341206611976,2971.3893162553586,2935.997627597962,2898.6994147292953,2859.568569388522,2818.710246053073,2776.256818059125,2732.3622763373537,2687.195448996179,2640.9325507060394,2593.7496506445764,2545.815661185462,2497.286390164707,2448.3000724802505,2398.9746187539686,2349.406616162513,2299.671920743932,2249.8275219363923,2199.9142619545605,2149.9599658229627,2099.982579090628,2049.993003072449,1999.9974370852233,1949.9991568399553,1899.9997558326263,1849.9999394591246,1799.9999876550864,1749.9999980581924,1699.9999997904524,1649.9999999883585,1600.0,1550.0,1500.0,1450.0,1400.0,1350.0,1300.0,1250.0,1200.0,1150.0,1100.0,1050.0,1000.0,950.0,900.0,850.0,800.0,750.0,700.0,650.0,600.0,550.0,500.0,450.0,400.0,350.0,300.0,250.0,200.0,150.0,100.0,50.0,0.0
33,6599.042088163769,6598.998872416518,6598.953819685716,6598.906857567668,6598.857911082001,6598.806902593031,6598.75375172934,6598.698375301545,6598.640687218225,6598.58059840004,6598.518016691986,6598.452846773811,6598.384990068573,6598.314344649337,6598.240805144017,6598.164262638354,6598.084604577031,6598.0017146629525,6597.915472754658,6597.825754761919,6597.732432539496,6597.635373779101,6597.534441899567,6597.429495935239,6597.320390422635,6597.206975285377,6597.089095717446,6596.96659206477,6596.839299705209,6596.707048926957,6596.569664805424,6596.426967078623,6596.278770021148,6596.124882316766,6595.965106929709,6595.799240974721,6595.627075585937,6595.448395784656,6595.262980346109,6595.070601665287,6594.871025621931,6594.664011444775,6594.449311575139,6594.22667152999,6593.995829764564,6593.756517534682,6593.508458758868,6593.251369880416,6592.984959729515,6592.708929385597,6592.422972040032,6592.126772859336,6591.820008849043,6591.50234871841,6591.173452746114,6590.83297264713,6590.480551440965,6590.115823321439,6589.738413528199,6589.347938220187,6588.944004351238,6588.5262095480575,6588.094141990766,6587.647380296244,6587.185493404528,6586.708040468464,6586.214570746879,6585.704623501513,6585.177727897971,6584.63340291094,6584.071157233951,6583.49048919394,6582.890886670894,6582.271827022846,6581.632777016518,6580.973192763879,6580.292519664923,6579.590192356958,6578.865634670687,6578.1182595934,6577.3474692395675,6576.552654829144,6575.733196673875,6574.8884641719305,6574.017815811158,6573.120599181265,6572.196150995247,6571.243797120353,6570.262852618898,6569.252621799236,6568.212398277178,6567.141465048159,6566.039094570451,6564.904548859713,6563.737079595148,6562.53592823757,6561.300326159633,6560.029494788497,6558.722645761194,6557.378981092937,6555.997693358608,6554.577965887678,6553.118972972756,6551.61988009198,6550.079844145467,6548.498013705978,6546.873529283992,6545.205523607323,6543.493121915445,6541.735442268622,6539.9315958719735,6538.080687414546,6536.181815423481,6534.234072633304,6532.236546370396,6530.188318952626,6528.088468104161,6525.936067385396,6523.730186637964,6521.469892444728,6519.154248604664,6516.782316622485,6514.353156212874,6511.865825819108,6509.319383145896,6506.712885706156,6504.045391381503,6501.315958996109,6498.523648903645,6495.667523586933,6492.746648269917,6489.760091541559,6486.706925991188,6483.586228854854,6480.397082672155,6477.138575953016,6473.809803853847,6470.409868862486,6466.937881491283,6463.392960977691,6459.77423599165,6456.080845349073,6452.311938730651,6448.466677405242,6444.544234957008,6440.543798015486,6436.464566987732,6432.305756791657,6428.0665975896445,6423.746335521522,6419.344233435933,6414.859571619133,6410.291648520217,6405.639781471772,6400.903307404913,6396.081583557661,6391.173988175616,6386.179921203829,6381.09880496882,6375.930084849633,6370.673229936825,6365.32773367831,6359.893114510938,6354.368916476705,6348.75470982249,6343.050091582238,6337.254686140462,6331.368145776016,6325.390151185044,6319.320411982052,6313.158667178061,6306.904685634814,6300.558266494039,6294.119239580778,6287.587465779836,6280.962837384421,6274.245278416088,6267.4347449151155,6260.531225200496,6253.534740098759,6246.445343140879,6239.263120726565,6231.988192255281,6224.620710223397,6217.160860286893,6209.608861289147,6201.964965253332,6194.229457339033,6186.402655762765,6178.484911682107,6170.476609043248,6162.378164391795,6154.190026646756,6145.912676837698,6137.546627805111,6129.092423864113,6120.550640431682,6111.921883617666,6103.2067897799125,6094.406025043904,6085.520284787386,6076.550293090508,6067.496802152108,6058.360591672816,6049.142468205715,6039.843264475407,6030.463838666337,6021.005073681357,6011.46787637153,6001.8531767382665,5992.161927108928,5982.395101287109,5972.553693678851,5962.638718396105,5952.65120833881,5942.5922142570025,5932.462803794431,5922.264060515162,5911.997082914745,5901.662983417518,5891.262887361656,5880.797931973632,5870.269265333751,5859.678045334457,5849.025438633127,5838.31261960108,5827.540769270544,5816.711074281313,5805.824725828852,5794.8829186155845,5783.886849807097,5772.837717994991,5761.736722168076,5750.585060693598,5739.3839303101695,5728.134525134017,5716.838035680164,5705.49564790009,5694.108542237416,5682.677892703046,5671.204865971238,5659.690620497934,5648.136305662702,5636.543060935518,5624.912015069588,5613.244285321354,5601.540976698713,5589.80318123846,5578.0319773138535,5566.228428973156,5554.393585309886,5542.528479865481,5530.634130064971,5518.711536686159,5506.761683362771,5494.785536121907,5482.7840429560665,5470.758133429933,5458.708718322019,5446.636689301188,5434.542918637983,5422.428258950625,5410.293542985446,5398.139583431463,5385.967172768697,5373.7770831497955,5361.57006631442,5349.346853535812,5337.108155598863,5324.85466280896,5312.587045030827,5300.305951756503,5288.012012201566,5275.705835428635,5263.388010497171,5251.059106638523,5238.7196734551335,5226.370241142801,5214.011320734839,5201.643404366967,5189.26696556173,5176.882459531237,5164.490323496986,5152.090977025533,5139.684822378771,5127.2722448775585,5114.853613277459,5102.429280155356,5089.9995823057025,5077.56484114521,5065.125363124752,5052.6814401473275,5040.23334999092,5027.78135673512,5015.3257111904295,5002.866651329167,4990.404402716951,4977.939178943771,4965.471182053692,4953.000602972277,4940.5276219308635,4928.05240888687,4915.575123939353,4903.095917739085,4890.6149318924645,4878.132299358632,4865.648144839191,4853.16258516002,4840.675729644648,4828.1876804787935,4815.698533065643,4803.2083763715345,4790.717293261755,4778.225360826172,4765.732650694514,4753.239229341129,4740.74515837908,4728.250494843505,4715.7552914641965,4703.259596927384,4690.763456126743,4678.266910403696,4665.769997777084,4653.272753162341,4640.775208580293,4628.2773933557755,4615.779334306248,4603.28105592062,4590.782580528524,4578.283928460278,4565.785118197807,4553.286166516793,4540.787088620348,4528.287898264496,4515.788607875768,4503.289228661224,4490.789770711204,4478.290243095134,4465.790653950683,4453.2910105666,4440.791319459537,4428.291586445161,4415.791816703865,4403.292014841378,4390.792184944547,4378.292330632614,4365.792455104213,4353.292561180414,4340.792651344014,4328.292727775379,4315.792792385036,4303.292846843271,4290.7928926069435,4278.292930943725,4265.792962953963,4253.292989590365,4240.793011675673,4228.293029918497,4215.79304492747,4203.293057223874,4190.793067252863,4178.2930753934315,4165.793081967231,4153.293087246353,4140.793091460183,4128.293094801418,4115.793097431336,4103.293099484391,4090.793101072218,4078.293102287107,4065.793103205005,4053.2931038881065,4040.7931043870813,4028.2931047429765,4015.793104988846,4003.293105151129,3990.793105250821,3978.2931053044613,3965.7931053249586,3953.2931053009042,3940.793105115429,3928.293104674199,3915.7931037693834,3903.2931020568612,3890.793099012257,3878.293093772276,3865.7930850097473,3853.293070663601,3840.79304756934,3828.2930109529207,3815.7929536132624,3803.2928648098705,3790.7927286499794,3778.2925217695665,3765.7922100866763,3753.2917442250437,3740.791053138834,3728.2900352961797,3715.78854655848,3703.286383664068,3690.7832618747457,3678.2787849659862,3665.772405269039,3653.2633708843023,3640.7506565525814,3628.2328739225486,3615.708156138176,3603.1740108286012,3590.627134735409,3578.063182452999,3565.4764811767864,3552.8596830834927,3540.20334718344,3527.4954433756575,3514.7207732423476,3501.86030508462,3488.890425064211,3475.78211229958,3462.500053511854,3449.0017223560353,3435.2364597658834,3421.144604109466,3406.656733033319,3391.693091568237,3376.1632920302513,3359.966378800875,3342.9913532810824,3325.1182491488735,3306.219833588123,3286.1639848760133,3264.8167598500336,3242.046116677553,3217.7262008402377,3191.7420388504606,3163.994420241876,3134.4046907138754,3102.9191359354445,3069.5126146445828,3034.191108627968,2996.9929010005767,2957.9881744031914,2917.2769340770874,2874.9852987656527,2831.260351478232,2786.2638848973397,2740.1654934573257,2693.1355379184724,2645.3385251309055,2596.927399617234,2548.039138049007,2498.7918859333067,2449.2836993863634,2399.5927800187583,2349.7789438750033,2299.8859670060747,2249.944412075757,2199.9745621969532,2149.9891585709443,2099.9957380512606,2049.998473030072,1999.9995089749211,1949.9998611098868,1899.9999663871474,1849.9999933151703,1799.9999989752541,1749.9999998923158,1699.9999999941792,1650.0,1600.0,1550.0,1500.0,1450.0,1400.0,1350.0,1300.0,1250.0,1200.0,1150.0,1100.0,1050.0,1000.0,950.0,900.0,850.0,800.0,750.0,700.0,650.0,600.0,550.0,500.0,450.0,400.0,350.0,300.0,250.0,200.0,150.0,100.0,50.0,0.0
34,6798.360990576541,6798.290114816542,6798.216369831079,6798.139648971457,6798.0598420702845,6797.976835345535,6797.890511302889,6797.800748636371,6797.707422127276,6797.610402541413,6797.509556524683,6797.404746497002,6797.295830544605,6797.182662310746,6797.065090884827,6796.942960689991,6796.816111369209,6796.684377669903,6796.547589327152,6796.4055709455115,6796.258141879513,6796.105116112891,6795.946302136593,6795.781502825632,6795.610515314854,6795.433130873684,6795.249134779932,6795.058306192727,6794.860418024674,6794.655236813309,6794.442522591962,6794.22202876011,6793.993501953328,6793.756681912946,6793.511301355528,6793.257085842284,6792.993753648545,6792.72101563342,6792.438575109789,6792.146127714734,6791.8433612806,6791.529955706803,6791.205582832543,6790.869906310604,6790.522581482386,6790.163255254353,6789.791565976074,6789.407143320035,6789.0096081634265,6788.598572472074,6788.173639186745,6787.7344021120125,6787.280445807898,6786.811345484507,6786.326666899884,6785.825966261301,6785.308790130227,6784.774675331203,6784.2231488648695,6783.653727825389,6783.0659193225165,6782.4592204085675,6781.833118010545,6781.187088867689,6780.520599474707,6779.833106030956,6779.124054395853,6778.392880050779,6777.6390080677575,6776.861853085182,6776.060819290873,6775.2353004127535,6774.384679717405,6773.5083300168,6772.605613683498,6771.675882674566,6770.718478564526,6769.7327325875885,6768.717965689466,6767.673488589028,6766.59860185008,6765.492595963517,6764.354751440143,6763.184338914389,6761.980619259192,6760.742843712295,6759.470254014189,6758.162082557948,6756.817552551176,6755.435878190279,6754.01626484729,6752.557909269415,6751.059999791522,6749.521716561723,6747.942231780231,6746.320709951638,6744.656308150749,6742.94817630211,6741.195457473324,6739.397288182256,6737.552798718216,6735.661113477165,6733.721351310987,6731.732625890877,6729.694046084812,6727.604716349127,6725.463737134141,6723.270205303787,6721.023214569159,6718.721855935884,6716.365218165208,6713.952388248615,6711.482451895852,6708.954494036135,6706.367599332328,6703.72085270785,6701.013339886038,6698.244147941664,6695.412365864297,6692.517085133138,6689.557400302968,6686.532409600799,6683.44121553279,6680.2829255009765,6677.056652429319,6673.761515398559,6670.396640289342,6666.961160433034,6663.454217269632,6659.874961012154,6656.222551316847,6652.496157958545,6648.694961510474,6644.818154027765,6640.864939733943,6636.834535709602,6632.726172582464,6628.539095218016,6624.272563409875,6619.925852569007,6615.498254410934,6610.98907764003,6606.39764862996,6601.723312099373,6596.965431781858,6592.1233910892315,6587.196593767176,6582.184464542233,6577.0864497591865,6571.902018007815,6566.630660738024,6561.271892862344,6555.825253344803,6550.29030577514,6544.666638927387,6538.9538673018005,6533.151631649154,6527.259599476412,6521.277465532811,6515.204952275387,6509.041810313004,6502.787818827969,6496.4427859743055,6490.006549251816,6483.478975855075,6476.859962996502,6470.149438202729,6463.347359583475,6456.453716072189,6449.4685276377595,6442.391845466615,6435.223752114593,6427.964361627987,6420.613819633233,6413.172303394722,6405.6400218403105,6398.017215554112,6390.3041567362225,6382.501149129082,6374.608527910228,6366.626659551267,6358.5559416429005,6350.396802685968,6342.149701848476,6333.815128688651,6325.393602844151,6316.885673687576,6308.291919948525,6299.612949302498,6290.849397926986,6282.001930025179,6273.071237317777,6264.0580385034455,6254.963078688528,6245.787128786686,6236.530984889194,6227.195467606695,6217.7814213832535,6208.289713783624,6198.721234754704,6189.076895862183,6179.35762950348,6169.564388098077,6159.698143256439,6149.759884928741,6139.750620534667,6129.671374075592,6119.523185230508,6109.30710843706,6099.0242119591485,6088.675576942506,6078.262296459772,6067.785474546542,6057.246225229924,6046.645671551159,6035.984944583843,6025.265182449332,6014.487529330907,6003.653134488259,5992.763151273896,5981.8187361530345,5970.821047728524,5959.7712457723865,5948.670490265489,5937.519940446863,5926.320753874172,5915.074085496797,5903.7810867429625,5892.442904622308,5881.060680845277,5869.63555096063,5858.168643512367,5846.661079217288,5835.113970164364,5823.528419037052,5811.905518359611,5800.246349768438,5788.551983309366,5776.823476761804,5765.061874990554,5753.268209326034,5741.4434969736,5729.588740452589,5717.704927065597,5705.793028398487,5693.853999851502,5681.888780201811,5669.898291197738,5657.883437184836,5645.845104763912,5633.784162481026,5621.7014605494205,5609.5978306032475,5597.474085482924,5585.33101905183,5573.169406044043,5560.990001942708,5548.793542888571,5536.580745618187,5524.352307431187,5512.1089061859875,5499.85120032325,5487.5798289163395,5475.295411747992,5462.998549412358,5450.689823441532,5438.369796455656,5426.039012335638,5413.6979964175025,5401.347255707341,5388.987279115843,5376.618537711325,5364.241484990187,5351.856557163693,5339.464173459973,5327.064736440134,5314.658632327356,5302.246231347862,5289.827888082643,5277.4039418288285,5264.9747169696175,5252.540523351659,5240.101656668845,5227.658398851435,5215.2110184595085,5202.759771079725,5190.304899724422,5177.846635232097,5165.385196668362,5152.92079172649,5140.453617126683,5127.983859013278,5115.5116933490945,5103.037286306202,5090.560794652399,5078.082366132758,5065.602139845625,5053.120246612498,5040.636809341254,5028.1519433822505,5015.66575687685,5003.1783510979585,4990.689820782248,4978.20025445371,4965.709734738293,4953.218338669367,4940.726137983831,4928.233199408699,4915.739584938038,4903.245352100176,4890.750554215124,4878.255240642189,4865.759457017793,4853.2632454835275,4840.766644904528,4828.269691078239,4815.772416933701,4803.2748527215,4790.777026194534,4778.278962779773,4765.780685741221,4753.282216334278,4740.783573951743,4728.284776261677,4715.785839337386,4703.286777779787,4690.787604832403,4678.288332489268,4665.788971596018,4653.289531944433,4640.790022360725,4628.290450787828,4615.790824361993,4603.291149483937,4590.791431884845,4578.29167668747,4565.79188846261,4553.292071281217,4540.792228762388,4528.292364117475,4515.792480190578,4503.2925794956245,4490.792664250264,4478.292736406807,4465.792797680392,4453.292849574589,4440.792893404631,4428.292930318433,4415.79296131559,4403.292987264503,4390.793008917777,4378.293026926055,4365.7930418504,4353.293054173364,4340.793064308853,4328.293072610907,4315.7930793814885,4303.293084877377,4290.793089316255,4278.293092882074,4265.793095729764,4253.293097989356,4240.793099769592,4228.293101161063,4215.7931022389375,4203.293103065329,4190.793103691328,4178.293104158765,4165.793104501715,4153.293104747782,4140.793104919202,4128.293105033768,4115.793105105622,4103.293105145916,4090.7931051633686,4078.2931051647283,4065.793105078636,4053.2931048528108,4040.793104380663,4028.2931034604217,4015.793101805414,4003.2930989366287,3990.793094103874,3978.293086150887,3965.7930732895175,3953.2930528067586,3940.79302060377,3928.2929705439383,3915.792893518537,3903.292776084153,3890.7925985550437,3878.2923323002165,3865.7919359504535,3853.2913501313406,3840.790490176005,3828.289236126966,3815.7874191150986,3803.284802934018,3790.781059309556,3778.275734955044,3765.7682080353425,3753.2576311046982,3740.7428569403573,3728.222342996412,3715.6940294402425,3703.1551849579364,3690.602213777697,3678.0304167267936,3665.433698718178,3652.8042149833573,3640.131948789928,3627.404214496364,3614.605081809288,3601.7147202429182,3588.708667243489,3575.5570294023582,3562.2236337405056,3548.665155181431,3534.830256851008,3520.6587913459803,3506.081122926077,3491.0176417426883,3475.378550452057,3459.064009335877,3441.9647266415022,3423.9630744821293,3404.934795683176,3384.7513422174784,3363.2828508468338,3340.4017168176542,3315.9866737852744,3289.9272308929953,3262.128260945753,3232.5144830410454,3201.0345458402153,3167.6644009665556,3132.4096659976667,3095.3067173507507,3056.4223260735334,3015.8517511464897,2973.715327889788,2930.153721702489,2885.3221446393245,2839.383937800417,2792.5039907034943,2744.8424879496624,2696.5494379808524,2647.760350830799,2598.5933020443636,2549.1474660397203,2499.503046146134,2449.7223929059046,2399.852005793051,2349.925067711098,2299.9641684161215,2249.9839247564855,2199.993287316018,2149.9974160610914,2099.999094070922,2049.9997151117723,1999.9999212486239,1949.999981387361,1899.9999963875744,1849.9999994599784,1799.9999999447027,1749.9999999970896,1700.0,1650.0,1600.0,1550.0,1500.0,1450.0,1400.0,1350.0,1300.0,1250.0,1200.0,1150.0,1100.0,1050.0,1000.0,950.0,900.0,850.0,800.0,750.0,700.0,650.0,600.0,550.0,500.0,450.0,400.0,350.0,300.0,250.0,200.0,150.0,100.0,50.0,0.0
35,6997.274865074506,6997.162059547612,6997.044913960561,6996.923276737128,6996.79699170011,6996.66589796173,6996.529829812711,6996.388616610082,6996.242082663727,6996.090047121762,6995.93232385477,6995.768721338966,6995.599042538339,6995.423084785848,6995.240639663739,6995.0514928830435,6994.855424162359,6994.652207105965,6994.441609081388,6994.223391096486,6993.997307676149,6993.763106738733,6993.520529472305,6993.269310210824,6993.009176310376,6992.739848025563,6992.461038386189,6992.17245307435,6991.873790302092,6991.564740689733,6991.244987145041,6990.914204743366,6990.572060608925,6990.218213797367,6989.852315179793,6989.474007328404,6989.082924403943,6988.678692045112,6988.260927260148,6987.829238320749,6987.383224658543,6986.922476764293,6986.446576090042,6985.955094954425,6985.447596451318,6984.9236343620905,6984.382753071648,6983.824487488493,6983.248362969056,6982.653895246498,6982.040590364249,6981.407944614497,6980.755444481896,6980.082566592717,6979.388777669697,6978.673534492853,6977.936283866477,6977.176462592619,6976.393497451258,6975.586805187464,6974.755792505792,6973.899856072149,6973.018382523438,6972.110748485187,6971.176320597462,6970.214455549296,6969.224500121901,6968.205791240915,6967.157656037933,6966.079411921572,6964.9703666583155,6963.829818463378,6962.657056101819,6961.451359000154,6960.211997368671,6958.938232334684,6957.629316086923,6956.284492031293,6954.902994958162,6953.484051221399,6952.026878929322,6950.530688147745,6948.994681115257,6947.418052470908,6945.799989494432,6944.139672359114,6942.43627439744,6940.688962379605,6938.896896804986,6937.0592322066195,6935.175117468768,6933.243696157585,6931.264106864925,6929.235483565281,6927.156955985842,6925.027649989643,6922.846687971742,6920.613189268367,6918.3262705789275,6915.9850464007795,6913.58862947662,6911.136131254337,6908.626662359153,6906.05933307785,6903.433253854854,6900.747535799936,6898.001291207246,6895.193634085408,6892.323680698325,6889.3905501163745,6886.393364777615,6883.331251058615,6880.203339854477,6877.0087671676265,6873.746674704882,6870.41621048233,6867.016529437473,6863.546794048118,6860.0061749574315,6856.393851604575,6852.709012860309,6848.9508576669205,6845.1185956818235,6841.21144792414,6837.228647423564,6833.169439870788,6829.033084268725,6824.818853583802,6820.526035396488,6816.153932550303,6811.701863798464,6807.169164447343,6802.555186995884,6797.85930177012,6793.080897551917,6788.219382201062,6783.274183269796,6778.244748608882,6773.130546964327,6767.931068563807,6762.645825691904,6757.274353253223,6751.816209322474,6746.270975680595,6740.638258336011,6734.9176880300965,6729.1089207259765,6723.211638079725,6717.225547893117,6711.15038454704,6704.985909414708,6698.73191125386,6692.388206577089,6685.954639999527,6679.431084563098,6672.817442036576,6666.1136431907335,6659.31964804788,6652.43544610511,6645.461056530634,6638.396528332592,6631.241940499773,6623.997402113713,6616.663052431702,6609.239060940216,6601.725627378406,6594.12298173126,6586.431384192124,6578.651125094339,6570.782524811735,6562.825933627859,6554.7817315737775,6546.650328234421,6538.432162523442,6530.127702426633,6521.737444714002,6513.261914620656,6504.701665496705,6496.0572784264405,6487.32936181713,6478.518550957781,6469.625507548324,6460.650919199697,6451.595498905388,6442.459984485025,6433.245138000678,6423.951745146578,6414.580614613028,6405.132577425309,6395.608486258456,6386.00921472882,6376.33565666338,6366.588725347818,6356.769352754404,6346.878488750817,6336.917100290997,6326.886170589252,6316.786698278807,6306.619696556049,6296.386192311755,6286.087225250596,6275.723847000275,6265.29712021163,6254.808117651095,6244.257921286911,6233.647621370494,6222.9783155143705,6212.251107768133,6201.4671076938075,6190.627429442103,6179.733190830947,6168.785512427744,6157.785516636766,6146.734326793082,6135.633066264407,6124.482857562247,6113.284821463682,6102.040076145102,6090.749736329195,6079.41491244645,6068.036709812385,6056.616227821703,6045.154559160516,6033.652789037742,6022.111994436728,6010.533243388124,5998.917594264938,5987.266095100713,5975.579782931647,5963.859683163466,5952.106808963781,5940.322160680604,5928.506725287638,5916.66147585689,5904.787371059095,5892.885354692371,5880.956355239475,5869.001285453932,5857.021041975279,5845.016504973582,5832.98853782331,5820.937986806612,5808.865680845947,5796.772431265986,5784.659031584597,5772.526257332719,5760.374865902821,5748.205596425607,5736.0191696745815,5723.816287997989,5711.5976352776515,5699.363876914122,5687.115659837553,5674.853612543622,5662.578345153822,5650.290449499353,5637.990499227868,5625.679049932234,5613.356639300462,5601.023787285936,5588.680996297042,5576.328751405242,5563.967520570675,5551.597754884307,5539.2198888256335,5526.834340534978,5514.441512099347,5502.04178985087,5489.635544676799,5477.223132340072,5464.804893809431,5452.381155598108,5439.952230110099,5427.518415993033,5415.079998496706,5402.637249836325,5390.190429559544,5377.739784916397,5365.285551231258,5352.827952275973,5340.367200643345,5327.9034981201985,5315.4370360592375,5302.967995748993,5290.496548781158,5278.02285741465,5265.547074935786,5253.069346013974,5240.589807052374,5228.108586533028,5215.625805355954,5203.1415771718075,5190.656008707665,5178.169200085605,5165.681245133738,5153.192231689402,5140.702241894267,5128.21135248113,5115.719635052227,5103.227156348891,5090.733978512451,5078.240159336284,5065.745752508955,5053.250807848426,5040.75537152733,5028.259486289326,5015.763191656603,5003.266524128593,4990.7695173719885,4978.27220240219,4965.774607756307,4953.276759657875,4940.77868217344,4928.280397361207,4915.7819254119495,4903.283284782361,4890.7844923211005,4878.2855633877225,4865.786511964743,4853.287350763072,4840.788091321056,4828.288744097364,4815.789318557989,4803.289823257578,4790.790265915377,4778.290653485998,4765.790992225286,4753.29128775151,4740.79154510212,4728.291768786306,4715.791962833593,4703.2921308386785,4690.792276002754,4678.292401171511,4665.792508870029,4653.292601334759,4640.792680542775,4628.292748238503,4615.792805958072,4603.292855051471,4590.792896702681,4578.292931947909,4565.792961692091,4553.292986723789,4540.79300772861,4528.293025301279,4515.793039956462,4503.293052138465,4490.793062229895,4478.2930705593835,4465.793077408451,4453.293083017606,4440.793087591739,4428.293091304891,4415.793094304451,4403.293096714845,4390.793098640774,4378.29310017004,4365.793101376016,4353.293102319787,4340.793103052011,4328.293103614528,4315.793104041743,4303.293104361819,4290.793104597695,4278.293104767958,4265.7931048875835,4253.293104968563,4240.793105020435,4228.2931050507295,4215.793105065344,4203.293105068852,4190.793105032082,4178.293104918248,4165.793104673126,4153.2931041815245,4140.7931032844135,4128.293101716017,4115.793099051372,4103.293094642324,4090.7930874792346,4078.293076021841,4065.793057939808,4053.2930297287294,4040.7929861679413,4028.2929195291235,4015.792818454477,4003.292666365016,3990.7924392114955,3978.292102338838,3965.791606122633,3953.2908799450493,3940.789823939645,3928.2882977479494,3915.786105319894,3903.2829745128224,3890.7785299105462,3878.272256887075,3865.7634544645935,3853.2511739741435,3840.7341399129446,3828.2106487211913,3815.6784405020253,3803.134538007639,3790.5750465750352,3777.9949081921345,3765.387602606572,3752.7447884863495,3740.0558782545213,3727.3075415256853,3714.4831342614425,3701.5620540265204,3688.5190262437527,3675.3233322445876,3661.937997245686,3648.3189650890135,3634.4142964375214,3620.1634376936113,3605.4966185362146,3590.3344457264484,3574.5877685268197,3558.157895310951,3540.9372401698447,3522.810471003812,3503.6562153661216,3483.349356250114,3461.7639168170517,3438.776491416625,3414.2701319864163,3388.138547155178,3360.2904205250816,3330.6536101571683,3299.178959368584,3265.8434356961225,3230.6523255520297,3193.6402501375032,3154.87083427734,3114.4349512039284,3072.4475763343235,3029.043401522157,2984.3714751545267,2938.5892286065646,2891.856312573805,2844.3286873471934,2796.153383990893,2747.4642800321235,2698.379122083394,2648.9978933359894,2599.402484627615,2549.6575032155106,2499.8119602848874,2449.9015276638697,2399.9510495346885,2349.977031358279,2299.9898943004364,2249.9958638443873,2199.9984403727567,2149.9994646844225,2099.9998352979233,2049.9999554840742,1999.9999897195244,1949.9999980516877,1899.999999715801,1849.9999999716238,1799.9999999985448,1750.0,1700.0,1650.0,1600.0,1550.0,1500.0,1450.0,1400.0,1350.0,1300.0,1250.0,1200.0,1150.0,1100.0,1050.0,1000.0,950.0,900.0,850.0,800.0,750.0,700.0,650.0,600.0,550.0,500.0,450.0,400.0,350.0,300.0,250.0,200.0,150.0,100.0,50.0,0.0
36,7195.592334810219,7195.417920950508,7195.237143949391,7195.049795861864,7194.855662990948,7194.654525771972,7194.446158656333,7194.230329994805,7194.00680192048,7193.775330231449,7193.535664273302,7193.287546821562,7193.030713964141,7192.764894983951,7192.489812241753,7192.205181059386,7191.9107096034995,7191.606098769892,7191.291042068615,7190.965225509963,7190.628327491498,7190.280018686249,7189.919961932242,7189.54781212351,7189.163216102746,7188.765812555766,7188.355231907942,7187.931096222785,7187.493019102862,7187.040605593209,7186.57345208745,7186.091146236793,7185.593266862111,7185.079383869304,7184.549058168139,7184.001841594775,7183.437276838201,7182.854897370766,7182.254227383056,7181.634781723313,7180.99606584162,7180.3375757391,7179.6587979223295,7178.959209363207,7178.238277464528,7177.495460031466,7176.730205249223,7175.941951667082,7175.130128189085,7174.294154071594,7173.433438927965,7172.547382740571,7171.635375880424,7170.696799134614,7169.731023741826,7168.7374114361555,7167.715314499454,7166.664075822435,7165.583028974788,7164.471498284491,7163.328798926568,7162.154237021504,7160.947109743511,7159.706705438879,7158.432303754592,7157.123175777402,7155.7785841835685,7154.397783399419,7152.980019772916,7151.524531756399,7150.03055010063,7148.497298060324,7146.923991611269,7145.30983967917,7143.654044380337,7141.955801274298,7140.214299628451,7138.428722694802,7136.5982479988725,7134.722047640815,7132.799288608759,7130.829133104427,7128.810738881001,7126.743259593233,7124.625845159766,7122.457642137616,7120.237794108746,7117.96544207865,7115.639724886834,7113.25977962908,7110.824742091337,7108.333747195086,7105.785929453992,7103.180423441627,7100.516364270046,7097.79288807898,7095.00913253534,7092.16423734278,7089.257344760986,7086.287600134341,7083.254152429644,7080.156154782456,7076.992765051711,7073.76314638214,7070.46646777406,7067.101904660074,7063.668639488166,7060.165862310695,7056.592771378736,7052.94857374122,7049.232485848287,7045.443734158251,7041.581555747558,7037.645198923105,7033.633923836242,7029.547003097787,7025.383722393378,7021.143381098407,7016.825292891848,7012.428786368211,7007.953205646866,7003.39791097797,6998.762279344209,6994.04570505755,6989.247600350215,6984.36739595904,6979.404541702407,6974.358507048919,6969.228781676967,6964.014876024374,6958.716321827253,6953.332672647242,6947.863504386281,6942.308415788077,6936.667028925428,6930.93898967258,6925.123968161778,6919.221659223211,6913.23178280753,6907.154084390166,6900.988335356639,6894.734333368129,6888.391902706535,6881.960894598306,6875.441187516339,6868.832687459254,6862.135328207396,6855.349071554914,6848.473907517337,6841.509854514035,6834.456959525071,6827.315298221873,6820.084975071293,6812.766123412601,6805.358905506991,6797.863512559259,6790.280164711317,6782.609111007254,6774.850629329714,6767.00502630739,6759.072637193478,6751.053825715,6742.948983892921,6734.758531833057,6726.482917487816,6718.122616388861,6709.678131350816,6701.149992146226,6692.538755151992,6683.845002967575,6675.069344005321,6666.21241205327,6657.27486581092,6648.257388398418,6639.160686839727,6629.985491520363,6620.7325556203305,6611.402654522955,6601.996585200345,6592.515165576258,6582.9592338672,6573.32964790263,6563.627284425178,6553.853038371821,6544.00782213702,6534.092564818837,6524.108211449087,6514.055722208649,6503.936071629019,6493.750247781303,6483.499251453802,6473.184095319404,6462.805803094025,6452.365408687315,6441.863955346926,6431.302494797585,6420.682086376288,6410.003796164896,6399.268696121434,6388.4778632113985,6377.6323785403765,6366.733326489277,6355.781793853459,6344.778868987054,6333.725640953736,6322.623198685207,6311.472630148633,6300.275021524243,6289.031456394291,6277.7430149445345,6266.410773179377,6255.035802151781,6243.619167209005,6232.161927255219,6220.665134031975,6209.1298314175,6197.557054745702,6185.947830145768,6174.303173903165,6162.6240918428,6150.911578735068,6139.166617725442,6127.390179788211,6115.58322320493,6103.746693068063,6091.881520810278,6079.988623759759,6068.068904721876,6056.123251587457,6044.1525369679,6032.157617857247,6020.139335321318,6008.098514213949,5996.0359629202885,5983.952473127088,5971.848819619834,5959.72576010654,5947.584035067941,5935.424367633793,5923.247463484927,5911.054010780662,5898.844680111112,5886.620124473908,5874.380979274788,5862.127862351475,5849.861374020225,5837.582097144381,5825.290597224245,5812.987422507541,5800.673104119714,5788.3481562132765,5776.013076135405,5763.668344612944,5751.3144259539795,5738.951768265108,5726.580803683525,5714.201948623042,5701.815604033131,5689.422155670094,5677.021974379444,5664.615416388599,5652.202823608972,5639.78452394656,5627.3608316201435,5614.9320474862,5602.498459369669,5590.0603423997045,5577.617959349574,5565.171560979882,5552.721386384305,5540.267663337068,5527.810608641397,5515.3504284782075,5502.887318754338,5490.42146544963,5477.953044962219,5465.482224451405,5453.009162177517,5440.534007838213,5428.056902900684,5415.577980929276,5403.097367908063,5390.615182557932,5378.131536647814,5365.646535299665,5353.160277286888,5340.6728553259,5328.184356360558,5315.694861839245,5303.204447984381,5290.713186054206,5278.221142596694,5265.728379695475,5253.234955207683,5240.740922993677,5228.246333138596,5215.751232165743,5203.255663241811,5190.759666373987,5178.263278598997,5165.766534164169,5153.2694647006,5140.7720993885605,5128.274465115242,5115.776586625009,5103.278486662307,5090.780186107385,5078.281704105028,5065.783058186476,5053.284264384731,5040.785337343444,5028.286290419618,5015.787135780304,5003.287884493538,4990.788546613714,4978.289131261641,4965.789646699479,4953.2901004007845,4940.7904991159,4928.290848932881,4915.791155334195,4903.291423249398,4890.791657103999,4878.291860864712,4865.792038081305,4853.292191925228,4840.792325225221,4828.292440500078,4815.79253998874,4803.292625677899,4790.792699327267,4778.292762492665,4765.792816547099,4753.292862699943,4740.792902014377,4728.292935423224,4715.7929637432735,4703.292987688248,4690.79300788049,4678.293024861493,4665.7930391013615,4653.2930510073,4640.7930609312125,4628.293069176481,4615.793076004023,4603.29308163766,4590.7930862689045,4578.2930900611755,4565.793093153539,4553.293095664001,4540.793097692395,4528.293099322927,4515.7931006263925,4503.293101662114,4490.793102479633,4478.293103120164,4465.793103617874,4453.293104000966,4440.7931042926275,4428.293104511832,4415.793104674034,4403.293104791757,4390.7931048750925,4378.293104932123,4365.793104969282,4353.293104991651,4340.793105003214,4328.293105007064,4315.793104993692,4303.293104936655,4290.793104807966,4278.293104547081,4265.793104062081,4253.293103205913,4240.793101738701,4228.293099295877,4215.79309530734,4203.293088898663,4190.793078745953,4178.2930628495815,4165.793038219929,4153.293000418018,4140.792942896227,4128.292856063725,4115.792725959507,4103.29253238989,4090.792246325303,4078.29182628559,4065.791213359684,4053.2903243805304,4040.7890426384283,4028.287205331808,4015.784586723971,4003.2808756999934,3990.775646080093,3978.268317647364,3965.7581053841814,3953.243953881288,3940.7244532979817,3928.19773262182,3915.661325330695,3903.1120019401988,3890.545563378372,3877.956588749106,3865.3381309231763,3852.681353654218,3839.9751047018644,3827.205420917379,3814.3549635802365,3801.402385634787,3788.321637008132,3775.081219989743,3761.6434137357337,3747.96349522688,3733.988993208074,3719.6590213271343,3704.903746216747,3689.6440547398834,3673.7914909435517,3657.248536160655,3639.909303794491,3621.6607122780306,3602.3841843862165,3581.9578977686215,3560.259580171122,3537.1698040921297,3512.5756913672076,3486.3748913177897,3458.4796506491625,3428.820754143147,3397.3510877612125,3364.0485653652568,3328.91817136193,3291.9929070277376,3253.3334885034456,3213.0267268693874,3171.182619461435,3127.930287718942,3083.4129991035607,3037.782596684964,2991.1937182154015,2943.7982078242385,2895.7401030746723,2847.151518802151,2798.1496536134086,2748.835027194694,2699.290932305993,2649.583971275996,2599.765457924377,2549.8734126332442,2499.934864981601,2449.9682022993325,2399.9853550639764,2349.9936787696743,2299.9974632389126,2249.999062633438,2199.999684894119,2149.9999051038153,2099.9999749097074,2049.9999943353405,1999.9999989511562,1949.9999998506246,1899.999999985448,1849.9999999992724,1800.0,1750.0,1700.0,1650.0,1600.0,1550.0,1500.0,1450.0,1400.0,1350.0,1300.0,1250.0,1200.0,1150.0,1100.0,1050.0,1000.0,950.0,900.0,850.0,800.0,750.0,700.0,650.0,600.0,550.0,500.0,450.0,400.0,350.0,300.0,250.0,200.0,150.0,100.0,50.0,0.0
37,7393.057885619213,7392.795659471291,7392.524383418169,7392.243782035535,7391.95357304049,7391.653467181435,7391.343168128669,7391.022372365765,7390.690769081907,7390.348040065292,7389.993859597735,7389.627894350642,7389.249803282475,7388.859237537866,7388.455840348544,7388.039246936228,7387.6090844176415,7387.164971711836,7386.706519449972,7386.23332988775,7385.744996820667,7385.241105502269,7384.7212325656055,7384.18494594806,7383.631804819761,7383.06135951576,7382.473151472184,7381.8667131665625,7381.241568062528,7380.5972305591185,7379.933205944859,7379.248990356866,7378.544070745172,7377.81792484249,7377.070021139641,7376.299818866848,7375.506767981142,7374.6903091600725,7373.849873801963,7372.984884032924,7372.094752720847,7371.178883496596,7370.236670782626,7369.267499829228,7368.270746758638,7367.245778617212,7366.191953435877,7365.108620299076,7363.995119422409,7362.850782239166,7361.674931495965,7360.4668813576745,7359.225937521814,7357.951397342614,7356.642549964924,7355.29867646812,7353.919050020194,7352.502936042167,7351.049592382987,7349.558269505042,7348.028210680427,7346.458652198085,7344.848823581926,7343.197947820043,7341.505241605093,7339.769915585947,7337.991174630655,7336.168218100793,7334.300240137223,7332.386429957315,7330.425972163614,7328.4180470639785,7326.361831003169,7324.256496705835,7322.10121363089,7319.8951483371775,7317.637464860369,7315.327325100988,7312.963889223445,7310.546316065959,7308.073763561204,7305.545389167512,7302.960350310458,7300.317804834594,7297.61691146513,7294.856830279298,7292.036723187138,7289.155754421414,7286.213091036367,7283.207903414954,7280.139365784245,7277.006656738596,7273.808959770217,7270.545463806728,7267.215363755247,7263.817861052611,7260.352164221196,7256.817489429908,7253.213061059789,7249.538112273726,7245.791885589735,7241.973633457211,7238.0826188355995,7234.118115774872,7230.0794099971845,7225.965799479085,7221.776595033631,7217.511120891734,7213.168715282067,7208.748731008827,7204.250536026665,7199.6735140120445,7195.01706493032,7190.280605597787,7185.463570237959,7180.565411031312,7175.585598657748,7170.523622831008,7165.378992824247,7160.151237986029,7154.8399082459355,7149.444574609042,7143.964829638468,7138.400287925236,7132.750586544682,7127.015385498642,7121.194368142668,7115.287241597529,7109.293737144258,7103.2136106020225,7097.0466426881085,7090.792639359315,7084.451432134096,7078.022878394764,7071.506861669134,7064.903291890973,7058.212105638661,7051.433266351489,7044.56676452304,7037.6126178711365,7030.570871483858,7023.441597941161,7016.224897411675,7008.920897724271,7001.529754414041,6994.051650742351,6986.486797690679,6978.835433927986,6971.097825751391,6963.274266999986,6955.365078941643,6947.370610132729,6939.291236250666,6931.127359899339,6922.879410387378,6914.54784347939,6906.133141120286,6897.6358111328445,6889.056386888748,6880.395426953344,6871.653514704441,6862.83125792549,6853.929288373553,6844.948261322497,6835.888855081906,6826.751770492243,6817.537730396845,6808.247479091358,6798.881781751288,6789.441423838367,6779.927210486483,6770.339965867951,6760.680532540954,6750.949770779014,6741.148557883379,6731.277787479269,6721.338368796928,6711.33122593848,6701.257297131606,6691.117533971088,6680.912900649298,6670.644373176705,6660.312938593541,6649.919594173733,6639.465346622256,6628.95121126708,6618.378211246857,6607.747376695546,6597.05974392516,6586.316354607809,6575.518254958254,6564.666494918127,6553.762127343027,6542.806207193661,6531.799790732187,6520.743934724921,6509.639695652546,6498.488128928951,6487.290288129785,6476.047224231827,6464.759984864211,6453.429613572537,6442.05714909688,6430.643624664638,6419.190067299182,6407.69749714518,6396.166926811464,6384.599360732265,6372.995794547595,6361.3572145034905,6349.684596872836,6337.978907397397,6326.241100751662,6314.472120029044,6302.6728962509405,6290.8443478991,6278.9873804717,6267.10288606347,6255.19174297017,6243.254815317655,6231.29295271572,6219.306989936862,6207.2977466200455,6195.266026999502,6183.212619658551,6171.13829730836,6159.043816591538,6146.92991791039,6134.797325279605,6122.646746203127,6110.478871574891,6098.294375603065,6086.093915757411,6073.8781327393135,6061.647650474006,6049.403076124469,6037.145000126461,6024.873996244075,6012.590621645217,6000.29541699636,5987.988906575882,5975.6715984053,5963.343984397676,5951.00654052244,5938.659726985881,5926.303988426509,5913.9397541245235,5901.567438224554,5889.1874399708895,5876.800143954353,5864.405920370028,5852.005125284986,5839.598100915213,5827.185175910906,5814.766665649328,5802.342872534417,5789.914086302348,5777.48058433226,5765.04263196139,5752.6004828038285,5740.154379072187,5727.704551901434,5715.251221674197,5702.794598346869,5690.334881775832,5677.872262043184,5665.406919781348,5652.939026495989,5640.468744886668,5627.996229164708,5615.521625367778,5603.045071670709,5590.566698692099,5578.086629796294,5565.604981390368,5553.121863215719,5540.6373786339755,5528.1516249069155,5515.664693470104,5503.17667020004,5490.687635674569,5478.197665426403,5465.706830189566,5453.215196138649,5440.722825120758,5428.229774880077,5415.736099274985,5403.241848487698,5390.747069226415,5378.251804919974,5365.756095905059,5353.259979605988,5340.763490707156,5328.266661318208,5315.769521132045,5303.272097575762,5290.774415954653,5278.276499589413,5265.778369946683,5253.280046763092,5240.781548162972,5228.282890769903,5215.784089812274,5203.2851592230545,5190.786111733949,5178.286958964131,5165.78771150377,5153.288378992519,5140.78897019319,5128.289493060796,5115.789954807169,5103.290361961342,5090.790720425902,5078.291035529497,5065.791312075695,5053.291554388366,5040.791766353798,5028.291951459689,5015.792112831221,5003.29225326437,4990.792375256611,4978.292481035191,4965.7925725831,4953.292651662921,4940.792719838656,4928.292778495703,4915.792828859089,4903.29287201009,4890.7929089013505,4878.292940370623,4865.792967153218,4853.29298989328,4840.7930091539665,4828.293025426636,4815.793039139108,4803.2930506630955,4790.793060320854,4778.293068391144,4765.7930751145495,4753.293080698222,4740.793085320095,4728.293089132627,4715.793092266117,4703.2930948316325,4690.7930969235895,4678.293098622026,4665.793099994596,4653.293101098308,4640.79310198106,4628.293102682956,4615.793103237462,4603.293103672409,4590.793104010855,4578.293104271826,4565.793104470959,4553.293104621047,4540.793104732511,4528.293104813793,4515.793104871701,4503.293104911686,4490.793104938092,4478.293104954351,4465.793104963158,4453.293104966606,4440.79310496393,4428.293104936209,4415.793104869204,4403.293104731344,4390.793104468996,4378.293104001335,4365.793103194705,4353.293101842328,4340.793099622575,4328.293096039237,4315.793090339772,4303.2930813836665,4290.793067459994,4278.293046021325,4265.793013296697,4253.292963743812,4240.7928892676955,4228.292778117373,4215.79261333852,4203.292370613315,4190.792015267123,4178.2914981443555,4165.7907499634075,4153.289673641226,4140.788133922768,4128.285943465005,4115.782844291583,4103.278483251358,4090.772379778745,4078.2638838574962,4065.7521216348996,4053.235925622436,4040.7137458606903,4028.183537840093,4015.6426223822045,4003.087512142589,3990.513698954483,3977.9153959687674,3965.2852285591625,3952.6138683692193,3939.8896058152623,3927.097857976307,3914.2206112507497,3901.2358015841205,3888.1166395880045,3874.830893541222,3861.340150074312,3847.5990801588805,3833.5547465820273,3819.1459979371753,3804.3030026662764,3788.946984005419,3772.990221794091,3756.336388848299,3738.8812867530464,3720.514037345438,3701.1187708963844,3680.5768295147386,3658.7694746432608,3635.5810515179,3610.9025228646783,3584.635241637227,3556.6947919072463,3527.014692496703,3495.549734344243,3462.2787145453394,3427.2063413294663,3390.3641172936764,3351.8100632254227,3311.6272194231083,3269.920950342771,3226.815173816155,3182.447728170875,3136.9651686228085,3090.5173381420564,3043.252079599149,2995.3104409828966,2946.822674141554,2897.905245208436,2848.658971614721,2799.1682896160337,2749.501552037374,2699.712171768755,2649.8403722615144,2599.9152865986516,2549.957160564059,2499.979456146517,2449.990709993702,2399.996064923427,2349.99845107718,2299.999438915448,2249.9998151974587,2199.9999455007983,2149.9999858977812,2099.999996885855,2049.9999994363698,1999.9999999215834,1949.9999999925421,1899.9999999996362,1850.0,1800.0,1750.0,1700.0,1650.0,1600.0,1550.0,1500.0,1450.0,1400.0,1350.0,1300.0,1250.0,1200.0,1150.0,1100.0,1050.0,1000.0,950.0,900.0,850.0,800.0,750.0,700.0,650.0,600.0,550.0,500.0,450.0,400.0,350.0,300.0,250.0,200.0,150.0,100.0,50.0,0.0
38,7589.342058410164,7588.958324958927,7588.562096241233,7588.153020041866,7587.730736375352,7587.294877396897,7586.845067315589,7586.380922310014,7585.902050446471,7585.408051599935,7584.8985173779565,7584.373031047658,7583.831167466011,7583.272493013583,7582.69656553192,7582.102934264774,7581.491139803344,7580.8607140357335,7580.211180100818,7579.542052346714,7578.852836294052,7578.14302860425,7577.412117052987,7576.659580509089,7575.884888919015,7575.087503297154,7574.266875722151,7573.422449339438,7572.553658370205,7571.659928126992,7570.740675036117,7569.795306667145,7568.823221769586,7567.823810317041,7566.796453558974,7565.740524080321,7564.655385869119,7563.540394392347,7562.394896680166,7561.218231418749,7560.009729051849,7558.768711891321,7557.494494236731,7556.186382504231,7554.843675364853,7553.465663892368,7552.051631720868,7550.6008552121775,7549.112603633263,7547.586139343717,7546.020717993468,7544.415588730777,7542.7699944206615,7541.083171873778,7539.354352085873,7537.582760487846,7535.767617206474,7533.908137335841,7532.003531219491,7530.0530047433185,7528.0557596391955,7526.010993799319,7523.917901601252,7521.775674243609,7519.5835000923325,7517.340565037486,7515.046052860468,7512.699145611543,7510.299023997578,7507.84486777983,7505.335856181631,7502.771168305815,7500.149983561664,7497.4714821012,7494.734845264567,7491.939256034277,7489.083899498044,7486.167963319939,7483.190638219549,7480.151118458837,7477.048602336352,7473.882292688445,7470.65139739711,7467.3551299040555,7463.992709730603,7460.56336300297,7457.066322982507,7453.500830600406,7449.8661349964095,7446.161494061015,7442.3861749806565,7438.53945478533,7434.620620898121,7430.628971686054,7426.563817011698,7422.424478784929,7418.210291514233,7413.920602856935,7409.554774167729,7405.112181044841,7400.592213873187,7395.994278363851,7391.317796089212,7386.562205013027,7381.7269600147865,7376.811533407641,7371.815415449198,7366.738114844471,7361.579159240294,7356.338095710456,7351.014491230877,7345.60793314408,7340.118029612275,7334.544410058328,7328.886725593924,7323.144649434214,7317.3178772982665,7311.406127794628,7305.409142791338,7299.326687769706,7293.158552161237,7286.904549667036,7280.564518559098,7274.138321962861,7267.625848120436,7261.0270106339685,7254.341748688557,7247.570027254227,7240.711837266445,7233.767195784714,7226.736146128781,7219.618757992055,7212.415127531827,7205.125377435945,7197.7496569655905,7190.288141973881,7182.7410349000165,7175.108564738742,7167.39098698493,7159.58858355313,7151.701662671938,7143.730558753135,7135.675632235519,7127.537269403434,7119.315882180033,7111.011907895331,7102.625809029181,7094.158072929314,7085.609211504638,7076.9797608940435,7068.270281110977,7059.481355664115,7050.613591154498,7041.667616849516,7032.644084234198,7023.543666540287,7014.36705825362,7005.114974600372,6995.7881510127745,6986.387342574933,6976.913323449433,6967.3668862854265,6957.748841608967,6948.060017196352,6938.301257431292,6928.473422646741,6918.577388452285,6908.614045047943,6898.58429652535,6888.489060157236,6878.329265676209,6868.105854543793,6857.819779210775,6847.472002369859,6837.06349620169,6826.595241615292,6816.068227483998,6805.483449877944,6794.841911294204,6784.14461988566,6773.3925886897,6762.586834857811,6751.728378887174,6740.818243855333,6729.857454659008,6718.847037258111,6707.788017926028,6696.681422507192,6685.528275682974,6674.3296002468815,6663.086416390062,6651.799740998054,6640.470586959724,6629.099962489286,6617.688870462297,6606.238307766449,6594.749264667993,6583.222724194554,6571.659661535083,6560.0610434576665,6548.427827745828,6536.760962653972,6525.0613863825365,6513.330026573414,6501.567799826107,6489.775611235099,6477.954353948836,6466.104908750677,6454.228143662131,6442.324913568646,6430.39605986818,6418.44241014271,6406.464777852827,6394.46396205547,6382.440747144861,6370.395902616612,6358.330182854936,6346.244326942877,6334.139058495399,6322.015085515148,6309.873100270639,6297.713779196614,6285.537782816233,6273.345755684759,6261.138326354338,6248.916107359446,6236.679695222547,6224.429670479452,6212.16659772388,6199.89102567063,6187.603487236824,6175.304499640574,6162.994564516481,6150.674168047278,6138.343781110974,6126.003859442808,6113.65484381129,6101.297160207647,6088.931220047917,6076.557420386979,6064.1761441437675,6051.787760336931,6039.39262433018,6026.991078086596,6014.58345043112,6002.170057320521,5989.751202120076,5977.327175886246,5964.898257654618,5952.464714732425,5940.026802994914,5927.584767184906,5915.138841214872,5902.689248470868,5890.236202117705,5877.779905404736,5865.320551971668,5852.858326153823,5840.393403286316,5827.925950006593,5815.456124554859,5802.9840770719065,5790.509949893874,5778.033877843541,5765.55598851773,5753.0764025704575,5740.59523399147,5728.112590379857,5715.628573212433,5703.143278106625,5690.656795077609,5678.169208789486,5665.680598800307,5653.191039800753,5640.700601846351,5628.209350583087,5615.717347466322,5603.2246499729235,5590.7313118065695,5578.237383096184,5565.742910587474,5553.247937827593,5540.752505342929,5528.256650810072,5515.760409219995,5503.263813035542,5490.766892342271,5478.269674992779,5465.772186744597,5453.274451391777,5440.776490890301,5428.278325477446,5415.779973785256,5403.28145294826,5390.782778705618,5378.283965497823,5365.785026558175,5353.285973999148,5340.786818893866,5328.287571352841,5315.788240596159,5303.288835021298,5290.789362266744,5278.289829271599,5265.790242331337,5253.290607149915,5240.790928888375,5228.291212210136,5215.79146132313,5203.291680018945,5190.7918717091425,5178.292039458897,5165.792186018119,5153.292313850187,5140.792425158464,5128.292521910696,5115.792605861463,5103.292678572771,5090.792741432943,5078.292795673896,5065.792842386927,5053.29288253712,5040.792916976456,5028.292946455737,5015.792971635413,5003.29299309538,4990.793011343856,4978.293026825386,4965.793039928057,4953.293050989994,4940.793060305191,4928.293068128736,4915.793074681488,4903.293080154249,4890.793084711487,4878.293088494641,4865.793091625062,4853.293094206609,4840.793096327948,4828.293098064584,4815.793099480638,4803.293100630417,4790.793101559784,4778.293102307356,4765.793102905553,4753.2931033815,4740.793103757823,4728.293104053325,4715.793104283576,4703.293104461422,4690.793104597417,4678.293104700196,4665.793104776789,4653.293104832896,4640.793104873111,4628.293104901118,4615.793104919851,4603.293104931636,4590.793104938295,4578.293104941252,4565.793104941603,4553.2931049288545,4540.79310489455,4528.293104822495,4515.793104681059,4503.2931044259085,4490.793103982613,4478.29310323388,4465.793101998765,4453.293099996195,4440.793096797685,4428.293091753043,4415.793083883511,4403.293071727785,4390.793053115799,4378.2930248479315,4365.792982235868,4353.292918450412,4340.792823604126,4328.2926834644395,4315.7924776611835,4303.292177204995,4290.79174107147,4278.291111529625,4265.790207792126,4253.288917439896,4240.787084916385,4228.284496191543,4215.780858460319,4203.275773455633,4190.768702619682,4178.258921988005,4165.745464197265,4153.227044537034,4140.701967439169,4128.168009255903,4115.622272651115,4103.061007462137,4090.4793925420695,4077.87127294155,4065.2288469286177,4052.542297888468,4039.799367217773,4026.984866066327,4014.0801263173917,4001.0623946584765,3987.904178066203,3974.5725545482856,3961.028469508567,3947.226045475912,3933.111940877512,3918.624801596144,3903.694856610261,3888.2437152833472,3872.184427900418,3855.4218717954172,3837.853521796743,3819.3706547451866,3799.8600227373267,3779.2060081292157,3757.293245362047,3734.009661209355,3709.2498477754493,3682.9186440329986,3654.9347652013184,3625.2342887654104,3593.773785623574,3560.532878750445,3525.516023156647,3488.753331767954,3450.3003222064417,3410.2365271192066,3368.6629910129905,3325.698762602872,3281.4765748629734,3236.137975909792,3189.8282236487094,3142.6912786746097,3094.865219207163,3046.4783588151777,2997.6462766474588,2948.469879153363,2899.03451309829,2849.410054581859,2799.6518195476847,2749.802087057996,2699.8920023472365,2649.943632432958,2599.971978267264,2549.9867959704693,2499.9941357944217,2449.997561595142,2399.999058266857,2349.999665456534,2299.999891997619,2249.9999687977797,2199.999992094761,2149.9999982917407,2099.9999996976258,2049.9999999588817,1999.9999999961801,1949.999999999818,1900.0,1850.0,1800.0,1750.0,1700.0,1650.0,1600.0,1550.0,1500.0,1450.0,1400.0,1350.0,1300.0,1250.0,1200.0,1150.0,1100.0,1050.0,1000.0,950.0,900.0,850.0,800.0,750.0,700.0,650.0,600.0,550.0,500.0,450.0,400.0,350.0,300.0,250.0,200.0,150.0,100.0,50.0,0.0
39,7784.034654843752,7783.48758038651,7782.92374529154,7782.342714763727,7781.744045695768,7781.127286617865,7780.491977651451,7779.837650467165,7779.163828247242,7778.470025652498,7777.755748794114,7777.020495210386,7776.26375384865,7775.485005052546,7774.683720554837,7773.8593634759545,7773.011388328467,7772.1392410276585,7771.242358908418,7770.320170748608,7769.372096799114,7768.397548820765,7767.395930128296,7766.3666356415415,7765.309051944044,7764.222557349253,7763.106521974487,7761.960307822825,7760.783268873115,7759.574751178239,7758.334092971809,7757.060624783438,7755.753669562754,7754.412542812278,7753.036552729312,7751.625000356977,7750.177179744516,7748.692378116979,7747.169876054403,7745.608947680586,7744.008860861557,7742.368877413805,7740.688253322369,7738.966238968828,7737.20207936927,7735.395014422259,7733.544279166857,7731.649104050711,7729.708715208204,7727.722334748702,7725.6891810548395,7723.608469090846,7721.479410720866,7719.30121503721,7717.073088698469,7714.794236277427,7712.4638606186445,7710.081163205623,7707.645344537415,7705.155604514537,7702.611142834019,7700.01115939343,7697.354854703672,7694.641430310345,7691.870089223457,7689.040036355232,7686.15047896576,7683.200627116229,7680.189694129413,7677.116897057143,7673.981457154422,7670.782600359822,7667.51955778184,7664.191566190801,7660.797868515938,7657.3377143472335,7653.810360441587,7650.215071232881,7646.551119345474,7642.817786110656,7639.014362085578,7635.140147574148,7631.194453149374,7627.176600176631,7623.0859213373005,7618.921761152226,7614.683476504417,7610.370437160418,7605.982026289752,7601.517640981833,7596.976692759742,7592.358608090231,7587.662828889354,7582.888813023054,7578.036034802093,7573.103985470666,7568.092173688047,7563.000126002616,7557.827387317603,7552.573521347909,7547.238111067322,7541.820759145486,7536.32108837396,7530.738742080731,7525.073384532502,7519.324701324153,7513.492399754703,7507.576209189173,7501.575881405715,7495.491190927411,7489.3219353381355,7483.067935581919,7476.729036245213,7470.305105821533,7463.796036957933,7457.20174668279,7450.522176614404,7443.757293149934,7436.907087634222,7429.971576508056,7422.950801435481,7415.8448294097525,7408.653752837603,7401.377689601462,7394.016783099354,7386.571202262175,7379.041141548132,7371.426820914121,7363.728485763862,7355.946406872657,7348.080880288643,7340.132227210486,7332.100793841448,7323.9869512198375,7315.791095025865,7307.513645364974,7299.155046527747,7290.7157667265255,7282.196297808925,7273.5971549484575,7264.918876312515,7256.162022708002,7247.327177204945,7238.414944738445,7229.42595168938,7220.360845444275,7211.220293934841,7202.004985157677,7192.7156266746815,7183.352945094752,7173.9176855373935,7164.410611078868,7154.832502181575,7145.18415610736,7135.466386315488,7125.680021846066,7115.825906689671,7105.904899144037,7095.917871158621,7085.865707667919,7075.749305914417,7065.569574762083,7055.327434001318,7045.023813646313,7034.659653225759,7024.235901067872,7013.753513580715,7003.2134545288,6992.616694306961,6981.964209212486,6971.256980716516,6960.495994735707,6949.682240905144,6938.816711853508,6927.900402481488,6916.934309244398,6905.919429439998,6894.856760502447,6883.7472993033625,6872.5920414608845,6861.391980657682,6850.148107968779,6838.861411200069,6827.532874238372,6816.163476413856,6804.754191875605,6793.305988981113,6781.819829700437,6770.296669035711,6758.737454456691,6747.143125352983,6735.51461250353,6723.852837563953,6712.158712572249,6700.4331394733545,6688.67700966301,6676.891203551344,6665.076590146543,6653.234026658927,6641.364358125733,6629.4684170568335,6617.547023101596,6605.600982737046,6593.6310889774495,6581.638121105376,6569.622844424295,6557.58601003268,6545.528354619569,6533.450600281506,6521.353454360713,6509.237609304328,6497.1037425445065,6484.9525163991375,6472.784577992878,6460.600559198213,6448.401076596168,6436.186731456305,6423.958109735575,6411.715782095594,6399.460303937865,6387.192215456445,6374.912041707537,6362.620292695459,6350.3174634744255,6338.004034265546,6325.680470588445,6313.347223406878,6301.0047292877025,6288.653410572571,6276.293675561676,6263.925918708881,6251.550520827581,6239.167849306591,6226.778258335403,6214.382089138117,6201.9796702153735,6189.571317593604,6177.157335080932,6164.738014529044,6152.313636100384,6139.884468540008,6127.450769451461,6115.0127855760475,6102.570753074875,6090.12489781307,6077.675435645576,6065.222572703964,6052.76650568371,6040.307422131386,6027.845500731271,6015.380911590866,6002.913816524861,5990.444369337082,5977.972716099995,5965.4989954313605,5953.023338767653,5940.545870633872,5928.066708909432,5915.585965089778,5903.103744543466,5890.620146764422,5878.135265619147,5865.649189588621,5853.16200200474,5840.673781281075,5828.18460113781,5815.694530820737,5803.2036353141675,5790.711975547693,5778.219608596701,5765.726587876599,5753.232963330723,5740.73878161188,5728.24408625756,5715.748917858807,5703.253314222776,5690.757310529048,5678.260939479727,5665.7642314434115,5653.267214593104,5640.769915038173,5628.27235695046,5615.77456268463,5603.276552892914,5590.77834663435,5578.279961478662,5565.781413604927,5553.282717895166,5540.7838880230065,5528.284936537587,5515.785874942841,5503.286713772328,5490.78746265978,5478.288130405505,5465.788725038827,5453.2892538767155,5440.789723578775,5428.290140198734,5415.790509232607,5403.290835663693,5390.79112400453,5378.291378336,5365.791602343696,5353.291799351707,5340.791972353969,5328.292124043309,5315.792256838302,5303.2923729080985,5290.792474195317,5278.2925624371355,5265.79263918469,5253.292705820889,5240.792763576752,5228.29281354637,5215.792856700582,5203.292893899458,5190.79292590368,5178.292953384892,5165.7929769351085,5153.292997075243,5140.793014262834,5128.293028899025,5115.793041334866,5103.293051876991,5090.793060792722,5078.293068314649,5065.793074644736,5053.293079957997,5040.793084405768,5028.293088118631,5015.793091209012,5003.293093773487,4990.79309589482,4978.293097643772,4965.793099080693,4953.293100256921,4940.793101216016,4928.293101994839,4915.793102624493,4903.293103131149,4890.793103536762,4878.293103859689,4865.793104115233,4853.293104316109,4840.793104472837,4828.293104594096,4815.793104687015,4803.293104757425,4790.7931048100745,4778.2931048488135,4765.793104876747,4753.293104896364,4740.7931049096505,4728.293104918179,4715.793104923187,4703.293104925638,4690.793104926281,4678.293104920926,4665.793104903558,4653.293104865863,4640.793104790122,4628.29310465139,4615.793104408231,4603.293103993968,4590.793103306876,4578.293102187845,4565.793100393078,4553.293097552276,4540.793093105786,4528.293086215377,4515.793075633068,4503.293059513092,4490.793035142673,4478.292998557561,4465.792943999324,4453.292863150717,4440.792744065564,4428.292569680715,4415.792315757304,4403.291948050169,4390.791418439154,4378.290659673314,4365.7895782751575,4353.28804502069,4340.785882249255,4328.282847058615,4315.778609200845,4303.272722210147,4290.764585959974,4278.253398464317,4265.738094308952,4253.217266629898,4240.689069062531,4228.15109358803,4215.600219736891,4203.032430217879,4190.4425877846425,4177.824168107148,4165.168943672226,4152.466614402903,4139.704381877188,4126.866465865908,4113.933564514044,4100.88226296176,4087.684399606128,4074.306404553779,4060.708631041355,4046.8447075344247,4032.660945560282,4018.0958456446515,4003.079750411791,3987.5346992274376,3971.374541844614,3954.5053684058807,3936.8263089113434,3918.2307460272696,3898.6079702577968,3877.845285770407,3855.8305488034866,3832.4550894777576,3807.6169335934683,3781.2242059775817,3753.1985641797137,3723.478484326429,3692.02220345154,3658.8101181376696,3623.8464506517657,3587.160022553086,3548.804021949525,3508.8547121310967,3467.4091020557516,3424.5816769922967,3380.5003629716034,3335.3019633403346,3289.127351817696,3242.1167277256,3194.4052318024906,3146.119184930371,3097.3731506535787,3048.2679424919797,2998.8896083365007,2949.3093375196386,2899.5841619409866,2849.7582693001136,2799.8647190525426,2749.9273510470894,2699.9626997469427,2649.9817670609273,2599.991555854591,2549.9963157387124,2499.998495683003,2449.9994297708645,2399.9998012748724,2349.999937093211,2299.999982188803,2249.9999955798266,2199.9999990648926,2149.9999998380445,2099.999999978463,2049.9999999980446,1999.999999999909,1950.0,1900.0,1850.0,1800.0,1750.0,1700.0,1650.0,1600.0,1550.0,1500.0,1450.0,1400.0,1350.0,1300.0,1250.0,1200.0,1150.0,1100.0,1050.0,1000.0,950.0,900.0,850.0,800.0,750.0,700.0,650.0,600.0,550.0,500.0,450.0,400.0,350.0,300.0,250.0,200.0,150.0,100.0,50.0,0.0
40,7976.642702587336,7975.88216060965,7975.099762311663,7974.294989816989,7973.467316941569,7972.6162091997585,7971.741123816237,7970.841509743912,7969.916807687986,7968.966450136374,7967.989861396625,7966.986457639541,7965.95564694964,7964.896829382651,7963.809397030185,7962.6927340917655,7961.546216954353,7960.369214279541,7959.161087098554,7957.921188915215,7956.648865817004,7955.3434565943635,7954.004292868371,7952.6306992269065,7951.221993369447,7949.777486260578,7948.296482292366,7946.778279455648,7945.222169520374,7943.627438225056,7941.993365475417,7940.319225552304,7938.60428732892,7936.847814497435,7935.049065805005,7933.207295299229,7931.321752583086,7929.39168307932,7927.41632830431,7925.394926151391,7923.326711183594,7921.210914935792,7919.046766226173,7916.833491476989,7914.570315044513,7912.256459558097,7909.891146268235,7907.473595403516,7905.0030265363275,7902.478658957174,7899.899712057433,7897.265405720387,7894.574960720333,7891.827599129569,7889.022544733024,7886.159023450312,7883.236263764941,7880.253497160421,7877.209958562978,7874.104886790582,7870.9375250079775,7867.707121187371,7864.412928574448,7861.054206159348,7857.6302191522245,7854.140239463002,7850.583546184918,7846.959426081439,7843.267174076109,7839.506093744882,7835.675497810488,7831.77470863834,7827.803058733506,7823.759891238251,7819.644560429619,7815.456432216551,7811.194884635991,7806.859308347448,7802.449107125444,7797.963698349309,7793.402513489723,7788.764998591453,7784.050614751684,7779.258838593358,7774.389162732919,7769.441096241885,7764.414165101603,7759.307912650624,7754.121900024054,7748.8557065843015,7743.508930342586,7738.081188370625,7732.5721172018775,7726.981373221746,7721.308633046152,7715.553593887873,7709.715973910076,7703.79551256646,7697.791970927445,7691.705131991837,7685.53480098345,7679.280805632112,7672.942996438573,7666.521246922777,7660.0154538550305,7653.425537469573,7646.751441660114,7639.993134156885,7633.150606684793,7626.22387510228,7619.212979520517,7612.117984402584,7604.938978642292,7597.676075622376,7590.3294132517585,7582.899153981643,7575.385484800226,7567.788617205813,7560.108787158212,7552.346255008229,7544.501305405201,7536.574247182472,7528.565413220791,7520.475160289605,7512.3038688663,7504.0519429334245,7495.719809754012,7487.307919625111,7478.8167456096935,7470.246783247142,7461.59855024253,7452.872586134979,7444.069451945372,7435.189729803764,7426.234022556864,7417.2029533559635,7408.097165225765,7398.917320614569,7389.664100926307,7380.338206034957,7370.940353781895,7361.471279456772,7351.931735262531,7342.322489765208,7332.644327329189,7322.898047538623,7313.08446460571,7303.204406766602,7293.258715665705,7283.248245729143,7273.173863528226,7263.036447133711,7252.8368854617265,7242.5760776122115,7232.254932200737,7221.874366684589,7211.435306684025,7200.938685299579,7190.385442426353,7179.776524066178,7169.112881638596,7158.395471291542,7147.625253212677,7136.803190942273,7125.930250688552,7115.0074006464065,7104.035610320372,7093.015849852768,7081.949089357858,7070.836298262899,7059.678444656941,7048.476494648188,7037.231411730749,7025.944156161553,7014.615684348227,7003.246948248652,6991.838894782946,6980.392465258557,6968.908594809134,6957.388211847829,6945.832237535623,6934.241585265272,6922.617160161406,6910.959858597298,6899.270567728791,6887.550165045812,6875.7995179418895,6864.0194833020505,6852.210907109422,6840.374624070836,6828.511457261708,6816.622217790394,6804.70770448222,6792.768703583327,6780.805988484435,6768.820319464594,6756.8124434549545,6744.783093822555,6732.732990174069,6720.662838179439,6708.573329415284,6696.465141227916,6684.33893661579,6672.195364131161,6660.035057800692,6647.858637064736,6635.6667067349645,6623.459856970009,6611.238663268732,6599.003686480733,6586.755472833667,6574.494553976908,6562.2214470411045,6549.936654713129,6537.640665325898,6525.3339529625355,6513.016977574338,6500.690185111978,6488.354007669353,6476.0088636395185,6463.655157882082,6451.293281901475,6438.923614035477,6426.546519653371,6414.162351363129,6401.771449226983,6389.374140984773,6376.970742284447,6364.5615569190995,6352.146877069925,6339.726983554485,6327.302146079695,6314.87262349893,6302.438664072655,6290.000505732049,6277.558376345012,6265.112493984057,6252.663067195516,6240.210295269568,6227.754368510588,6215.295468507319,6202.8337684024145,6190.3694331608995,6177.902619837124,6165.433477839797,6152.96214919471,6140.488768804793,6128.013464707135,6115.5363583266635,6103.057564726151,6090.5771928522945,6078.095345777565,6065.612120937619,6053.127610364021,6040.641900912095,6028.1550744836995,6015.667208244791,6003.178374837609,5990.688642587368,5978.198075703357,5965.70673447435,5953.214675458261,5940.721951665999,5928.228612739472,5915.7347051237375,5903.2402722332845,5890.745354612456,5878.249990090044,5865.754213928083,5853.258058964903,5840.761555752492,5828.264732688244,5815.767616141174,5803.270230572686,5790.772598652005,5778.274741366364,5765.776678126066,5753.278426864548,5740.780004133564,5728.281425193615,5715.782704099775,5703.283853783033,5690.7848861273005,5678.2858120422325,5665.786641531997,5653.287383760145,5640.788047110725,5628.288639245787,5615.789167159429,5603.289637228522,5590.790055260265,5578.2904265367015,5565.790755856359,5553.2910475731205,5540.791305632486,5528.291533605349,5515.791734719413,5503.291911888377,5490.792067739018,5478.292204636276,5465.792324706471,5453.292429858746,5440.792521804862,5428.292602077435,5415.7926720467085,5403.2927329359745,5390.792785835715,5378.2928317165615,5365.792871441145,5353.292905774923,5340.79293539606,5328.292960904412,5315.792982829707,5303.293001638967,5290.793017743233,5278.293031503652,5265.793043236982,5253.293053220548,5240.793061696708,5228.293068876871,5215.793074945097,5203.293080061327,5190.793084364267,5178.293087973964,5165.793090994102,5153.293093514041,5140.79309561063,5128.293097349811,5115.793098788038,5103.293099973527,5090.793100947361,5078.293101744458,5065.7931023944175,5053.293102922266,5040.793103349108,5028.293103692684,5015.79310396787,5003.293104187095,4990.793104360718,4978.293104497337,4965.793104604067,4953.293104686775,4940.793104750279,4928.29310479852,4915.793104834706,4903.293104861441,4890.793104880821,4878.293104894532,4865.793104903916,4853.293104910038,4840.793104913737,4828.293104915667,4815.793104916334,4803.29310491449,4790.793104905793,4778.293104885948,4765.793104845616,4753.293104770305,4740.793104637052,4728.293104408242,4715.793104026362,4703.293103401334,4690.793102394437,4678.293100794905,4665.793098282932,4653.293094378019,4640.7930883629615,4628.293079173647,4615.793065241509,4603.293044267641,4590.793012902213,4578.292966291336,4565.792897439997,4553.292796322434,4540.7926486455435,4528.2924341403705,4515.792124215177,4503.291678749638,4490.791041741972,4478.2901354337755,4465.788852428397,4453.287045183481,4440.784512091803,4428.280979162915,4415.776076076574,4403.269305094534,4390.760000988223,4378.247279766298,4365.729973572621,4353.206548680924,4340.6750030528965,4328.132739475894,4315.576409889255,4303.00172619048,4290.40323264407,4277.774035070262,4265.105482355881,4252.386796604613,4239.604649537,4226.742684671097,4213.780987465007,4200.695509064105,4187.457453614166,4174.032644266574,4160.3808889270185,4146.455373300258,4132.20211555916,4117.5595235838955,4102.458101607508,4086.820357570365,4070.5609647289393,4053.5872302304406,4035.7999186162665,4017.0944688266522,3997.362628741961,3976.4945114566526,3954.3810526555085,3930.91681954061,3906.0030902777335,3879.551091077709,3851.4852485619494,3821.7462911463176,3790.2940181129215,3757.109551899414,3722.1969003472877,3685.5836825569054,3647.320914462045,3607.4818063710045,3566.1595907924843,3523.464469453872,3479.5198368519923,3434.457996711688,3388.4156304517724,3341.52929756321,3293.931243308725,3245.7457588918496,3197.086285981209,3148.0533870320473,3098.733623410516,3049.199304329052,2999.5090003216037,2949.7086631235693,2899.833164306152,2849.9080593121907,2799.9513995718385,2749.9754480965876,2699.988196446232,2649.994625831537,2599.9976958084835,2549.999075878255,2499.999656073507,2449.99988237615,2399.999963477427,2349.9999898616434,2299.9999975344836,2249.9999994891405,2199.999999913388,2149.9999999887314,2099.9999999989996,2049.9999999999545,2000.0,1950.0,1900.0,1850.0,1800.0,1750.0,1700.0,1650.0,1600.0,1550.0,1500.0,1450.0,1400.0,1350.0,1300.0,1250.0,1200.0,1150.0,1100.0,1050.0,1000.0,950.0,900.0,850.0,800.0,750.0,700.0,650.0,600.0,550.0,500.0,450.0,400.0,350.0,300.0,250.0,200.0,150.0,100.0,50.0,0.0
41,8166.59476725744,8165.56283466275,8164.503176035093,8163.415196725993,8162.298294479818,8161.1518595109355,8159.975274588124,8158.767915126369,8157.529149286189,8156.258338080612,8154.954835489943,8153.617988584432,8152.247137654965,8150.841616351889,8149.400751832078,8147.923864914334,8146.410270243221,8144.859276461407,8143.270186390612,8141.642297221211,8139.974900710567,8138.267283390145,8136.518726781453,8134.728507620847,8132.895898093225,8131.02016607463,8129.100575383769,8127.136386042449,8125.126854544901,8123.071234135995,8120.968775098281,8118.818725047834,8116.6203292388245,8114.372830876757,8112.075471440285,8109.727491011512,8107.32812861467,8104.8766225630425,8102.372210814013,8099.814131332081,8097.201622459691,8094.533923295679,8091.81027408118,8089.029916592756,8086.192094542561,8083.296053985279,8080.341043731617,8077.326315768072,8074.251125682711,8071.114733096659,8067.916402101017,8064.655401698865,8061.331006252034,8057.942495932309,8054.489157176674,8050.97028314627,8047.38517418864,8043.733138302887,8040.01349160732,8036.225558809179,8032.36867367598,8028.442179508048,8024.445429611781,8020.377787773162,8016.238628731044,8012.027338649715,8007.743315590247,8003.385969980114,7998.954725080559,7994.449017451189,7989.868297411267,7985.212029497147,7980.47969291533,7975.6707819905605,7970.7848066084425,7965.8212926519855,7960.77978243154,7955.65983510755,7950.461027105562,7945.182952522922,7939.825223526611,7934.387470741629,7928.8693436294,7923.2705108556265,7917.590660647038,7911.8295011365,7905.986760695932,7900.062188256523,7894.055553615685,7887.9666477302835,7881.795282995583,7875.541293509467,7869.204535321422,7862.7848866658305,7856.282248179127,7849.696543100377,7843.027717454855,7836.275740220232,7829.440603474986,7822.522322528669,7815.520936033693,7808.436506078313,7801.269118260506,7794.018881742476,7786.685929285525,7779.270417265075,7771.772525665626,7764.192458055486,7756.530441541118,7748.78672670099,7740.96158749882,7733.05532117618,7725.068248124389,7717.000711735724,7708.853078233942,7700.625736484198,7692.319097782417,7683.933595624261,7675.4696854538215,7666.92784439222,7658.308570946333,7649.6123846978735,7640.839825973104,7631.991455493492,7623.067854007624,7614.069621904757,7604.997378810395,7595.851763164316,7586.633431781496,7577.343059396425,7567.981338191302,7558.54897730867,7549.046702349036,7539.475254854066,7529.835391775978,7520.127884933757,7510.353520456867,7500.513098217121,7490.607431249435,7480.637345162154,7470.603677537738,7460.507277324512,7450.3490042202875,7440.129728048629,7429.850328128567,7419.511692638561,7409.114717975544,7398.660308109871,7388.149373937,7377.582832626761,7366.961606971043,7356.286624730747,7345.558817982859,7334.779122468486,7323.94847694268,7313.067822526912,7302.138102065011,7291.160259483391,7280.135239156396,7269.063985277532,7257.947441237414,7246.786549009177,7235.582248542122,7224.335477164327,7213.047168994968,7201.71825436703,7190.349659261103,7178.942304750917,7167.497106461256,7156.0149740388515,7144.4968106368415,7132.943512413358,7121.355968044758,7109.735058254002,7098.081655354644,7086.396622810865,7074.680814813966,7062.935075875678,7051.160240438628,7039.357132504272,7027.5265652785665,7015.6693408355995,7003.786249799398,6991.878071044076,6979.945571412441,6967.989505453177,6956.010615176654,6944.009629829387,6931.987265687161,6919.944225866752,6907.881200156201,6895.798864863513,6883.697882683656,6871.578902583692,6859.442559705832,6847.289475288191,6835.120256602995,6822.935496911933,6810.735775438362,6798.521657356019,6786.293693793878,6774.0524218567625,6761.798364661314,6749.532031386885,6737.253917340907,6724.964504038258,6712.66425929418,6700.353637330199,6688.033078892584,6675.703011382789,6663.363848999357,6651.01599289074,6638.659831318477,6626.295739830182,6613.924081441769,6601.54520682835,6589.159454523241,6576.767151124492,6564.368611508396,6551.964139049382,6539.554025845748,6527.138552950666,6514.717990607909,6502.292598491746,6489.862625950481,6477.4283122530915,6464.98988683846,6452.547569566684,6440.10157097197,6427.6520925166415,6415.19932684577,6402.7434580419995,6390.284661880118,6377.823106080946,6365.358950564156,6352.892347699616,6340.4234425569,6327.95237315261,6315.479270695169,6303.004259826789,6290.527458862285,6278.048980024492,6265.568929676002,6253.087408546989,6240.604511958899,6228.120330043808,6215.6349479592545,6203.148446098378,6190.6609002952355,6178.172382025134,6165.682958599893,6153.192693357929,6140.701645849074,6128.20987201408,6115.717424358745,6103.224352122638,6090.730701442399,6078.236515509598,6065.741834723179,6053.2466968364915,6040.751137098951,6028.255188392362,6015.758881361957,6003.262244542233,5990.765304477621,5978.268085838102,5965.770611529841,5953.272902800929,5940.774979342356,5928.276859384296,5915.778559787828,5903.2800961322255,5890.781482797897,5878.282733045143,5865.783859088825,5853.284872169098,5840.7857826183235,5828.286599924299,5815.787332789935,5803.287989189525,5790.78857642172,5778.289101159352,5765.789569496246,5753.289986991137,5740.790358708819,5728.2906892586725,5715.7909828306665,5703.291243228987,5690.791473903382,5678.291677978367,5665.791858280379,5653.292017363009,5640.792157530414,5628.292280859003,5615.792389217505,5603.292484285522,5590.792567570645,5578.292640424231,5565.792704055921,5553.292759546993,5540.792807862606,5528.292849863035,5515.792886313943,5503.2929178957775,5490.792945212341,5478.292968798603,5465.792989127814,5453.293006617952,5440.793021637597,5428.293034511227,5415.793045524024,5403.293054926203,5390.793062936925,5378.293069747809,5365.793075526094,5353.293080417476,5340.793084548642,5328.293088029541,5315.793090955412,5303.2930934085825,5290.793095460081,5278.293097171053,5265.793098594029,5253.293099774037,5240.7931007495845,5228.293101553534,5215.793102213856,5203.293102754305,5190.793103195002,5178.293103552944,5165.793103842452,5153.293104075563,5140.793104262357,5128.293104411256,5115.793104529273,5103.293104622227,5090.7931046949325,5078.293104751358,5065.793104794762,5053.29310482781,5040.79310485267,5028.2931048711025,5015.793104884527,5003.293104894083,4990.79310490068,4978.29310490504,4965.793104907731,4953.293104909198,4940.793104909784,4928.29310490953,4915.793104905323,4903.2931048949795,4890.7931048736245,4878.293104832759,4865.793104759726,4853.293104633503,4840.793104421392,4828.293104072479,4815.7931035079055,4803.293102607569,4790.793101188778,4778.293098976222,4765.793095558007,4753.293090321109,4740.793082359287,4728.293070340554,4715.793052318146,4703.293025462645,4690.792985683782,4678.292927099923,4665.792841297633,4653.292716303929,4640.7925351678605,4628.292274013287,4615.791899381031,4603.291364621691,4590.7906050282045,4578.289531306771,4565.788020871571,4553.2859063093665,4540.782960190336,4528.278875197192,4515.773238302581,4503.2654974422485,4490.754918807923,4478.240532521312,4465.721064054402,4453.194848342505,4440.659723112389,4428.112897543854,4415.550792034812,4402.96884459373,4390.361279298204,4377.720832405928,4365.038432167787,4352.3028292653125,4339.500176174745,4326.613555744878,4313.622461952757,4300.502239234417,4287.223491003828,4273.751472943551,4260.045492272935,4246.058340279296,4231.735791631573,4217.016209962889,4201.830304366618,4186.101085149341,4169.744068691173,4152.667779811982,4134.774594895023,4115.961959559605,4096.124000502943,4075.1535321792344,4052.9444356165077,4029.3943597763628,4004.4076668972166,3977.8985142538227,3949.793938229912,3920.0367853821153,3888.588322202281,3855.430353258244,3820.5666884035663,3784.0238249077192,3745.8507494681508,3706.1178163793966,3664.9147182967477,3622.347630222491,3578.535669652497,3533.6068698511217,3487.693902850251,3440.9298089888143,3393.443987525856,3345.3586774885016,3296.786111668278,3247.8264644447063,3198.566642908203,3149.079898784358,3099.4261741582,3049.6530439873477,2999.7970876530917,2949.885512182614,2899.9378600590762,2849.9676608059617,2799.9839220400845,2749.992395983581,2699.99659552093,2649.9985652103232,2599.9994346121625,2549.99979334607,2499.999930618633,2449.999978861116,2399.999994244804,2349.999998627964,2299.9999997214445,2249.999999953749,2199.99999999411,2149.9999999994884,2099.9999999999773,2050.0,2000.0,1950.0,1900.0,1850.0,1800.0,1750.0,1700.0,1650.0,1600.0,1550.0,1500.0,1450.0,1400.0,1350.0,1300.0,1250.0,1200.0,1150.0,1100.0,1050.0,1000.0,950.0,900.0,850.0,800.0,750.0,700.0,650.0,600.0,550.0,500.0,450.0,400.0,350.0,300.0,250.0,200.0,150.0,100.0,50.0,0.0
42,8353.25273908159,8351.884950683683,8350.482925644637,8349.046006635597,8347.573530208461,8346.064826952632,8344.519221659799,8342.936033496846,8341.314576186918,8339.65415819873,8337.954082944148,8336.213648984116,8334.43215024291,8332.6088762308,8330.743112275104,8328.834139759634,8326.881236372568,8324.883676362697,8322.840730804039,8320.751667868797,8318.615753108601,8316.432249743984,8314.200418962042,8311.919520222174,8309.588811569834,8307.20754995819,8304.77499157757,8302.290392192583,8299.75300748677,8297.162093414634,8294.516906560895,8291.816704506791,8289.060746203231,8286.248292350618,8283.3786057851,8280.450951871053,8277.46459889954,8274.418818492482,8271.312886012312,8268.146080976781,8264.917687478679,8261.626994610124,8258.273296891117,8254.855894702045,8251.374094719764,8247.827210356929,8244.214562204186,8240.535478474865,8236.789295451772,8232.975357935673,8229.093019695078,8225.141643916879,8221.120603657417,8217.029282293539,8212.86707397319,8208.63338406507,8204.327629606894,8199.949239751784,8195.497656212281,8190.972333701515,8186.372740371018,8181.698358244681,8176.948683648337,8172.123227634467,8167.221516401514,8162.24309170727,8157.187511275827,8152.054349197572,8146.843196321685,8141.5536606406295,8136.185367666114,8130.737960795998,8125.211101671628,8119.60447052508,8113.917766515817,8108.150708056242,8102.303033125653,8096.374499572108,8090.364885401725,8084.273989054926,8078.101629669182,8071.847647327799,8065.511903294287,8059.094280231915,8052.594682408012,8046.0130358826245,8039.3492886811455,8032.603410950547,8025.7753950988645,8018.865255917595,8011.873030686707,8004.798779261956,7997.642584144237,7990.404550530726,7983.0848063475705,7975.683502263924,7968.200811687155,7960.636930739035,7952.992078212818,7945.266495511058,7937.460446564099,7929.574217729186,7921.60811767015,7913.562477217669,7905.437649210129,7897.234008315136,7888.951950831747,7880.591894473554,7872.154278132713,7863.639561625127,7855.048225416938,7846.380770332578,7837.637717244599,7828.819606745585,7819.926998802433,7810.960472393348,7801.920625127896,7792.808072850521,7783.623449227931,7774.367405320787,7765.040609140171,7755.643745189315,7746.177513991116,7736.642631601963,7727.039829112446,7717.369852135523,7707.633460282759,7697.831426629253,7687.964537167893,7678.033590253611,7668.039396038312,7657.9827758971605,7647.864561846951,7637.685595957271,7627.446729755193,7617.148823624241,7606.792746198394,7596.379373751868,7585.909589585472,7575.384283410284,7564.804350729456,7554.170692218894,7543.484213107628,7532.745822558628,7521.9564330508565,7511.116959763333,7500.228319961977,7489.291432389989,7478.3072166625425,7467.276592666519,7456.200479966016,7445.079797214379,7433.915461573437,7422.708388140653,7411.4594893848725,7400.169674591312,7388.839849316457,7377.470914853464,7366.063767708693,7354.6192990899335,7343.13839440688,7331.621932784403,7320.0707865891,7308.4858209696295,7296.867893411258,7285.21785330506,7273.536541532167,7261.824790063417,7250.083421574767,7238.3132490787575,7226.515075572303,7214.689693701075,7202.8378854406665,7190.96042179474,7179.058062510306,7167.131555810244,7155.1816381431645,7143.209033950663,7131.214455452,7119.198602446191,7107.162162131483,7095.105808942136,7083.03020440244,7070.935996997814,7058.823822062856,7046.694301686153,7034.548044631653,7022.385646276349,7010.207688564036,6998.014739974846,6985.807355510251,6973.586076693221,6961.351431583173,6949.103934805336,6936.844087594171,6924.572377850391,6912.289280211212,6899.995256133354,6887.690753988353,6875.376209169723,6863.052044211483,6850.718668917562,6838.376480501589,6826.025863736556,6813.66719111385,6801.300823011137,6788.927107868577,6776.546382372841,6764.158971648425,6751.7651894557175,6739.365338395312,6726.9597101180425,6714.548585540216,6702.132235063553,6689.7109187993065,6677.284886796079,6664.854379270839,6652.419626842655,6639.980850768683,6627.5382631819375,6615.092067330404,6602.642457817041,6590.189620840277,6577.733734434558,6565.274968710566,6552.813486094729,6540.349441567649,6527.882982901089,6515.414250893213,6502.943379601721,6490.470496574604,6477.995723078226,6465.519174322459,6453.0409596826275,6440.5611829180125,6428.079942386723,6415.597331256703,6403.113437712713,6390.628345159106,6378.142132418252,6365.65487392447,6353.1666399133555,6340.677496606395,6328.187506390773,6315.696727994314,6303.20521665548,6290.713024288394,6278.22019964284,6265.726788459241,6253.2328336185865,6240.73837528733,6228.243451057263,6215.748096080395,6203.252343198875,6190.7562230700005,6178.259764286374,6165.76299349126,6153.265935489222,6140.768613352116,6128.271048520518,6115.773260900692,6103.275268957173,6090.777089801086,6078.278739274292,6065.780232029478,6053.281581606298,6040.782800503682,6028.2839002484325,6015.784891460218,6003.285783913098,5990.786586593684,5978.287307756067,5965.787954973641,5953.288535187918,5940.789054754483,5928.289519486192,5915.789934693733,5903.290305223671,5890.790635494086,5878.290929527925,5865.79119098417,5853.291423186927,5840.791629152558,5828.291811614938,5815.79197304895,5803.292115692314,5790.79224156583,5778.292352492146,5765.79245011312,5753.29253590587,5740.79261119759,5728.29267717921,5715.7927349179645,5703.29278536896,5690.7928293857885,5678.2928677302625,5665.792901081331,5653.292930043231,5640.792955152931,5628.292976886924,5615.792995667403,5603.293011867889,5590.793025818326,5578.29303780972,5565.793048098317,5553.293056909396,5540.793064440683,5528.293070865431,5515.79307633519,5503.2930809822965,5490.793084922105,5478.293088254982,5465.793091068099,5453.29309343702,5440.793095427121,5428.293097094859,5415.7930984888835,5403.293099651032,5390.793100617212,5378.29310141817,5365.79310208018,5353.293102625638,5340.7931030735945,5328.293103440212,5315.79310373917,5303.293103982018,5290.7931041784805,5278.293104336722,5265.793104463579,5253.293104564761,5240.793104645018,5228.29310470829,5215.793104757839,5203.2931047963475,5190.793104826022,5178.293104848665,5165.7931048657465,5153.293104878457,5140.793104887755,5128.2931048944165,5115.793104899055,5103.293104902161,5090.79310490412,5078.293104905235,5065.7931049057415,5053.293104905819,5040.793104903907,5028.293104898616,5015.793104887447,5003.2931048653645,4990.793104825405,4978.29310475583,4965.793104638035,4953.293104443312,4940.7931041268985,4928.293103620294,4915.793102819196,4903.293101565914,4890.793099623923,4878.293096640276,4865.793092091775,4853.293085207328,4840.793074856649,4828.293059392187,4815.793036425088,4803.293002509621,4790.792952701096,4778.292879939546,4765.79277419531,4753.292621290696,4740.792401283759,4728.292086263588,4715.791637359316,4703.291000705345,4690.79010202966,4678.28883943763,4665.787073847054,4653.284616387337,4640.781211903104,4628.276517496842,4615.770074803348,4603.261274409504,4590.749310516427,4578.233123590604,4565.711328373284,4553.182124225256,4540.643184396111,4528.091520449718,4515.523317787048,4502.933738030241,4490.316684025671,4477.664523457612,4464.96776761702,4452.214702828112,4439.390973488438,4426.479117711564,4413.4580592483835,4400.30256275189,4386.9826635510235,4373.463087867631,4359.702684731434,4345.653896519318,4331.2623007657,4316.466261252104,4301.196730872636,4285.377251782383,4268.924199198147,4251.747313246954,4233.750557802735,4214.833335793488,4194.892076691953,4173.8221938243005,4151.520387145657,4127.88724211208,4102.830048607651,4076.2657374389405,4048.1238079806644,4018.3491017075057,3986.9042651851,3953.7717449880847,3918.955167773889,3882.4799822895343,3844.3932761755023,3804.7627274432857,3763.6747054184207,3721.2315944574448,3677.5484706181414,3632.7493110137916,3586.9629523750864,3540.319034899051,3492.9441669478515,3444.9585249068887,3396.473062287922,3347.5874470873423,3298.388782506406,3248.951100568106,3199.335558228009,3149.5912176716606,3099.7562611851213,3049.859478382895,2999.9218691126985,2949.958226042783,2899.9785920264894,2849.989523247017,2799.9951244539498,2749.9978529243185,2699.999110327707,2649.999655445091,2599.9998762780187,2549.999959209968,2499.999987801303,2449.9999967414906,2399.999999238177,2349.9999998483904,2299.9999999753363,2249.999999996924,2199.9999999997385,2149.9999999999886,2100.0,2050.0,2000.0,1950.0,1900.0,1850.0,1800.0,1750.0,1700.0,1650.0,1600.0,1550.0,1500.0,1450.0,1400.0,1350.0,1300.0,1250.0,1200.0,1150.0,1100.0,1050.0,1000.0,950.0,900.0,850.0,800.0,750.0,700.0,650.0,600.0,550.0,500.0,450.0,400.0,350.0,300.0,250.0,200.0,150.0,100.0,50.0,0.0
43,8535.93148042356,8534.15887261688,8532.345088947128,8530.489431426187,8528.591198228156,8526.649683925436,8524.664179732728,8522.633973758937,8520.558351266938,8518.436594941182,8516.267985163075,8514.05180029407,8511.78731696642,8509.473810381489,8507.11055461553,8504.696822932852,8502.231888106217,8499.715022744385,8497.145499626646,8494.522592044184,8491.845574148138,8489.113721304153,8486.326310453276,8483.482620478953,8480.581932579966,8477.623530649053,8474.606701656994,8471.530736041928,8468.394928103613,8465.198576402388,8461.940984162555,8458.621459679862,8455.239316732821,8451.793874997511,8448.284460465557,8444.710405864946,8441.071051083325,8437.365743593418,8433.593838880208,8429.754700869476,8425.847702357343,8421.872225440367,8417.82766194584,8413.713413861817,8409.528893766488,8405.273525256438,8400.946743373355,8396.547995028743,8392.076739426184,8387.532448480684,8382.914607234641,8378.222714269947,8373.456282115783,8368.614837651588,8363.697922504743,8358.705093442484,8353.63592275755,8348.48999864708,8343.26692558428,8337.966324682364,8332.587834050291,8327.131109139804,8321.5958230833,8315.981667022059,8310.288350424342,8304.515601392905,8298.663166961469,8292.73081337968,8286.718326386122,8280.625511468956,8274.452194113715,8268.198220037906,8261.863455411936,8255.447787066032,8248.951122682722,8242.373390974553,8235.714541846652,8228.974546543823,8222.153397781833,8215.2511098626,8208.267718772979,8201.203282266888,8194.05787993051,8186.8316132303535,8179.5246055439475,8172.137002172984,8164.668970338743,8157.120699159653,8149.492399610852,8141.784304465657,8133.996668218873,8126.129766991864,8118.183898419377,8110.159381518116,8102.056556537065,8093.875784789636,8085.617448467689,8077.281950437539,8068.869714018064,8060.381182741065,8051.816820094061,8043.177109245714,8034.46255275411,8025.673672258159,8016.811008152384,8007.875119245411,7998.866582402486,7989.785992172367,7980.6339603989945,7971.411115818313,7962.118103640688,7952.7555851193665,7943.324237105452,7933.824751589882,7924.257835232931,7914.624208881773,7904.924607076648,7895.159777546217,7885.330480692693,7875.437489067348,7865.481586837034,7855.463569242336,7845.384242048028,7835.24442098648,7825.044931194706,7814.786606645725,7804.470289574943,7794.096829902242,7783.667084650503,7773.181917361269,7762.642197508265,7752.0487999094985,7741.40260413867,7730.704493936602,7719.955356623425,7709.156082512223,7698.30756432487,7687.410696610759,7676.466375169124,7665.475496475661,7654.438957114128,7643.3576532135985,7632.232479892039,7621.064330706862,7609.854097113085,7598.602667929725,7587.31092881503,7575.979761751145,7564.610044538767,7553.20265030235,7541.758447006387,7530.278296983277,7518.76305647326,7507.213575176883,7495.6306958204395,7484.015253734787,7472.368076447935,7460.689983291764,7448.981785023217,7437.244283460248,7425.478271132844,7413.684530949338,7401.863835878253,7390.016948645878,7378.144621449724,7366.24759568802,7354.3266017053365,7342.382358554438,7330.4155737744,7318.426943185027,7306.417150697552,7294.386868141604,7282.336755108375,7270.267458809889,7258.179613954288,7246.073842636959,7233.95075424738,7221.81094539146,7209.654999829178,7197.483488427288,7185.296969126822,7173.09598692512,7160.881073872084,7148.652749080336,7136.411518748945,7124.1578762003655,7111.892301930222,7099.615263669541,7087.32721645904,7075.028602735061,7062.719852426707,7050.401383063761,7038.073599894938,7025.736896016005,7013.391652507319,7001.038238580311,6988.677011732433,6976.308317910109,6963.932491679192,6951.549856402466,6939.160724423686,6926.765397257699,6914.364165786155,6901.957310458332,6889.5451014966075,6877.127799106104,6864.705653688052,6852.278906056408,6839.847787657294,6827.412520790803,6814.973318834746,6802.530386469935,6790.08391990657,6777.63410711135,6765.18112803491,6752.725154839225,6740.266352124601,6727.804877155928,6715.340880087844,6702.8745041884995,6690.405886061621,6677.935155866573,6665.462437536162,6652.987848991896,6640.511502356488,6628.03350416335,6615.553955562872,6603.072952525292,6590.590586039968,6578.106942310884,6565.622102948248,6553.136145156027,6540.649141915312,6528.161162163387,6515.672270968428,6503.182529699729,6490.691996193398,6478.200724913475,6465.7087671084055,6453.216170962867,6440.7229817449115,6428.2292419484165,6415.734991430863,6403.240267546429,6390.745105274441,6378.249537343215,6365.753594349306,6353.257304872246,6340.760695584802,6328.263791358826,6315.76661536677,6303.269189178937,6290.771532856553,6278.27366504074,6265.775603037488,6253.277362898722,6240.77895949955,6228.280406611808,6215.7817169739965,6203.282902357716,6190.783973630718,6178.284940816667,6165.785813151731,6153.286599138113,6140.787306594629,6128.287942704444,6115.788514060083,6103.289026705821,6090.789486177555,6078.289897540272,6065.790265423227,6053.290594052911,6040.790887283941,6028.291148627943,6015.791381280549,6003.291588146589,5990.791771863573,5978.291934823562,5965.792079193503,5953.292206934123,5940.79231981745,5928.292419443063,5915.79250725312,5903.292584546251,5890.792652490395,5878.2927121346265,5865.792764420048,5853.292810189815,5840.792850198336,5828.292885119721,5815.792915555513,5803.2929420417695,5790.792965055525,5778.292985020699,5765.793002313467,5753.293017267156,5740.793030176692,5728.293041302632,5715.793050874821,5703.2930590956985,5690.7930661432865,5678.293072173886,5665.7930773245025,5653.293081715034,5640.793085450224,5628.293088621426,5615.793091308175,5603.29309357959,5590.793095495634,5578.293097108227,5565.79309846224,5553.29309959638,5540.793100543966,5528.293101333626,5515.793101989903,5503.2931025337975,5490.7931029832325,5478.293103353478,5465.793103657507,5453.293103906322,5440.793104109227,5428.29310427407,5415.793104407457,5403.293104514928,5390.793104601124,5378.293104669913,5365.7931047245165,5353.293104767604,5340.793104801384,5328.293104827675,5315.79310484797,5303.29310486349,5290.793104875229,5278.293104883993,5265.793104890434,5253.293104895075,5240.793104898334,5228.293104900542,5215.793104901963,5203.2931049028,5190.793104903216,5178.293104903333,5165.7931049025465,5153.293104899858,5140.793104893975,5128.293104882131,5115.793104860355,5103.2931048220935,5090.79310475674,5078.293104648115,5065.793104470826,5053.293104185822,5040.793103733608,5028.293103023905,5015.793101920912,5003.29310022153,4990.793097623864,4978.293093681813,4965.793087739703,4953.29307883913,4940.793065586486,4928.2930459656445,4915.79301707464,4903.292974757092,4890.792913089098,4878.292823668575,4865.792694636055,4853.292509332565,4840.79224446982,4828.291867648944,4815.7913340141295,4803.2905817646715,4790.789526170027,4778.288051634709,4765.786001239757,4753.283163041884,4740.779252236714,4728.27388808609,4715.766564269075,4703.256611041309,4690.7431472792705,4678.225020149037,4665.700729781646,4653.1683359726885,4640.625343572094,4628.06856291893,4615.493941441749,4602.896362433779,4590.269407080511,4577.605076130781,4564.89346823589,4552.122413014168,4539.277058411316,4526.339413994519,4513.2878545006,4500.096591289635,4486.735123330887,4473.167683909884,4459.352704268744,4445.242320669857,4430.78195660828,4415.910016697243,4400.557732628786,4384.649204005466,4368.1016771382965,4350.826102494209,4332.728005790272,4313.7086983335885,4293.666838864443,4272.500341935398,4250.108607178842,4226.395020533384,4201.269653921111,4174.652065730143,4146.474082852633,4116.682428266326,4085.2410485519863,4052.132995396467,4017.3617256078337,3980.9517062275827,3942.9482446812767,3903.416507073019,3862.439737970536,3820.116748497787,3776.5587915771525,3731.8859886968603,3686.2235067755787,3639.697702537366,3592.432452699645,3544.5458705002397,3496.147574052628,3447.3366231983673,3398.200184108813,3348.812921130284,3299.2370597541612,3249.5230189402164,3199.7104796524236,3149.829741633186,3099.903222081251,3049.946965779607,2999.9720624465162,2949.985898850249,2899.9932056740085,2849.996888101,2799.9986517480506,2749.9994505717827,2699.9997908158584,2649.9999261866265,2599.999976095234,2549.9999929805,2499.9999981596966,2449.9999995779026,2399.999999917628,2349.999999986866,2299.999999998395,2249.9999999998663,2199.9999999999945,2150.0,2100.0,2050.0,2000.0,1950.0,1900.0,1850.0,1800.0,1750.0,1700.0,1650.0,1600.0,1550.0,1500.0,1450.0,1400.0,1350.0,1300.0,1250.0,1200.0,1150.0,1100.0,1050.0,1000.0,950.0,900.0,850.0,800.0,750.0,700.0,650.0,600.0,550.0,500.0,450.0,400.0,350.0,300.0,250.0,200.0,150.0,100.0,50.0,0.0
44,8713.925774779886,8711.677652797998,8709.38127100365,8707.035919845592,8704.640888914195,8702.195467246278,8699.698943636671,8697.15060695642,8694.549746477473,8691.895652203726,8689.187615208242,8686.424927976483,8683.606884755378,8680.732781908031,8677.801918273864,8674.813595533977,8671.767118581505,8668.661795896742,8665.496939926752,8662.271867469259,8658.985900060494,8655.638364366754,8652.228592579362,8648.75592281274,8645.21969950527,8641.619273822625,8637.954004063251,8634.22325606562,8630.426403616953,8626.562828863016,8622.631922718623,8618.633085278485,8614.565726228004,8610.429265253613,8606.223132452285,8601.946768739766,8597.59962625715,8593.181168775343,8588.690872097024,8584.12822445564,8579.492726911007,8574.783893741078,8570.001252829437,8565.144346048062,8560.212729634904,8555.205974565844,8550.123666920565,8544.965408241878,8539.730815888066,8534.419523377775,8529.031180727014,8523.5654547778,8518.022029518024,8512.400606392071,8506.700904601774,8500.922661397251,8495.065632357218,8489.129591658346,8483.114332333242,8477.019666516673,8470.845425679605,8464.591460850694,8458.257642824849,8451.843862358492,8445.350030351176,8438.776078013207,8432.121957018955,8425.387639645542,8418.573118896587,8411.67840861077,8404.703543554886,8397.648579501216,8390.513593288913,8383.298682869232,8376.0039673344,8368.629586929937,8361.175703050303,8353.64249821769,8346.030176043896,8338.338961175152,8330.569099219838,8322.720856659054,8314.794520740004,8306.790399352187,8298.708820886435,8290.550134076819,8282.314707825493,8274.002931010586,8265.615212277222,8257.151979811839,8248.613681099945,8240.00078266751,8231.313769806191,8222.553146282644,8213.719434032153,8204.813172836877,8195.834919989009,8186.785249939172,8177.664753930406,8168.4740396181105,8159.213730676338,8149.884466390851,8140.486901239377,8131.021704459512,8121.489559604748,8111.891164089119,8102.227228720967,8092.498477226367,8082.705645762742,8072.849482423235,8062.930746732407,8052.950209133855,8042.908650470345,8032.806861457063,8022.645642148633,8012.425801400505,8002.148156325378,7991.813531745285,7981.422759640018,7970.976678592536,7960.476133232036,7949.921973675336,7939.315054967258,7928.656236520677,7917.946381556896,7907.186356547026,7896.377030655034,7885.519275183123,7874.61396302008,7863.66196809328,7852.664164824948,7841.621427593331,7830.534630199403,7819.404645339714,7808.232344085968,7797.018595371939,7785.76426548828,7774.470217585782,7763.137311187632,7751.766401711184,7740.358339999746,7728.913971864874,7717.434137639633,7705.919671743274,7694.37140225774,7682.790150516407,7671.176730705449,7659.53194947815,7647.856605582525,7636.151489502545,7624.417383113229,7612.6550593498905,7600.865281891738,7589.0488048600555,7577.2063725311245,7565.338719064051,7553.4465682436185,7541.530633238268,7529.591616373274,7517.630208919165,7505.6470908954225,7493.642930889431,7481.6183858906725,7469.574101140093,7457.510709994578,7445.428833806418,7433.329081817649,7421.212051069117,7409.078326324085,7396.928480006201,7384.763072151607,7372.58265037494,7360.387749849004,7348.178893297793,7335.956591002627,7323.721340821034,7311.473628218106,7299.213926309954,7286.942695918929,7274.660385640222,7262.367431919488,7250.064259141084,7237.751279726528,7225.428894242771,7213.097491519862,7200.757448777584,7188.409131760624,7176.052894881856,7163.68908137328,7151.3180234441925,7138.940042446135,7126.5554490441755,7114.164543394091,7101.7676153249895,7089.364944526953,7076.956800743246,7064.54344396667,7052.1251246396205,7039.702083857446,7027.274553574665,7014.842756813663,7002.406907875436,6989.967212552023,6977.523868340211,6965.077064656167,6952.626983050618,6940.173797424236,6927.717674242884,6915.258772752393,6902.79724519257,6890.333237010106,6877.866887070125,6865.398327866074,6852.92768572771,6840.45508102691,6827.980628381097,6815.50443685404,6803.02661015383,6790.5472468278285,6778.06644045442,6765.584279831399,6753.100849160824,6740.61622823023,6728.130492590045,6715.643713727107,6703.155959234191,6690.667292975449,6678.177775247688,6665.687462937434,6653.196409673717,6640.704665976547,6628.21227940105,6615.719294677243,6603.225753845449,6590.73169638734,6578.23715935263,6565.742177481434,6553.246783322318,6540.751007346085,6528.254878055332,6515.7584220898225,6503.261664327756,6490.764627982966,6478.267334698137,6465.769804634104,6453.272056555314,6440.774107911537,6428.275974915902,6415.777672619357,6403.279214981638,6390.780614938846,6378.281884467725,6365.783034646744,6353.2840757140775,6340.785017122587,6328.285867591905,6315.786635157722,6303.287327218379,6290.787950578865,6278.2885114923265,6265.789015699171,6253.289468463893,6240.789874609689,6228.290238550975,6215.790564323902,6203.290855614952,6190.791115787715,6178.291347907925,6165.791554766855,6153.291738903143,6140.791902623133,6128.292048019824,6115.792176990478,6103.292291252982,6090.79239236103,6078.29248171819,6065.792560590926,6053.292630120633,6040.792691334757,6028.29274515705,6015.792792417006,6003.292833858556,5990.792870148049,5978.292901881581,5965.792929591713,5953.292953753611,5940.792974790674,5928.292993079658,5915.793008955361,5903.293022714877,5890.793034621473,5878.293044908107,5865.793053780616,5853.293061420607,5840.7930679880665,5828.293073623724,5815.793078451172,5803.293082578787,5790.79308610145,5778.29308910209,5765.793091653068,5753.293093817421,5740.793095649968,5728.293097198293,5715.793098503635,5703.293099601658,5690.793100523155,5678.293101294662,5665.793101938998,5653.29310247575,5640.793102921696,5628.293103291176,5615.79310359642,5603.293103847841,5590.793104054278,5578.29310422322,5565.793104360996,5553.293104472942,5540.793104563546,5528.29310463657,5515.7931046951635,5503.2931047419515,5490.793104779117,5478.293104808471,5465.7931048315095,5453.293104849465,5440.793104863347,5428.293104873986,5415.793104882052,5403.293104888094,5390.793104892551,5378.29310489578,5365.793104898064,5353.293104899626,5340.793104900647,5328.293104901267,5315.793104901593,5303.29310490171,5290.793104901457,5278.293104900113,5265.7931048970095,5253.293104890686,5240.793104878825,5228.293104857791,5215.793104821607,5203.293104761082,5190.793104661809,5178.293104501525,5165.79310424631,5153.293103844504,5140.793103218182,5128.293102250542,5115.793100767476,5103.293098511046,5090.79309510118,5078.293089980831,5065.793082337797,5053.293070993781,5040.793054247858,5028.2930296565855,5015.792993726685,5003.292941487725,4990.79286590081,4978.292757044528,4965.792600999959,4953.2923783313445,4940.792062026634,4928.291614720703,4915.790984971588,4903.2901022942315,4890.7888705743335,4878.2871593839955,4865.784792597965,4853.281533561221,4840.777065882686,4828.270968723487,4815.76268521026,4803.25148233443,4790.7364003997845,4778.216189758261,4765.6892322372505,4753.153444325464,4740.606158869283,4728.043981765877,4715.46261995966,4702.856677000389,4690.219412559029,4677.542462684278,4664.8155182880455,4652.0259604453095,4639.1584526547285,4626.194492295288,4613.111926179259,4599.884438363999,4586.481022227397,4572.865453165159,4558.99578299943,4544.8238820889765,4530.295059909209,4515.347799148562,4499.913641688845,4483.917266680448,4467.276800732111,4449.904397458756,4431.707117779215,4412.5881330642205,4392.448260338169,4371.18782234275,4348.7088058210575,4324.917269706718,4299.7259322345935,4273.056843935803,4244.844033950494,4215.036002170846,4183.597921489058,4150.513414711789,4115.785780871591,4079.4385663467137,4041.515407085593,4002.079107943603,3961.209971205929,3919.003435338839,3875.567132707142,3831.017516916497,3785.4762422558406,3739.066495814821,3691.9094848540635,3644.1212671707617,3595.8100816418782,3547.074292783517,3498.001011514406,3448.665399830444,3399.130615552075,3349.448309973866,3299.6595601935705,3249.7961014469247,3199.881723241426,3149.9337048496654,3099.9641876180804,3049.9814094565536,2999.990756466591,2949.9956140829327,2899.9980224918563,2849.999156882713,2799.9996620173756,2749.9998734629685,2699.9999561100785,2649.9999860335306,2599.999995971827,2549.999998963154,2499.999999766612,2449.999999955321,2399.9999999930146,2349.9999999991633,2299.999999999932,2249.9999999999973,2200.0,2150.0,2100.0,2050.0,2000.0,1950.0,1900.0,1850.0,1800.0,1750.0,1700.0,1650.0,1600.0,1550.0,1500.0,1450.0,1400.0,1350.0,1300.0,1250.0,1200.0,1150.0,1100.0,1050.0,1000.0,950.0,900.0,850.0,800.0,750.0,700.0,650.0,600.0,550.0,500.0,450.0,400.0,350.0,300.0,250.0,200.0,150.0,100.0,50.0,0.0
45,8886.54300249543,8883.750263572922,8880.902373858395,8877.998646526485,8875.038397372295,8872.020945164075,8868.945612000452,8865.811723672012,8862.61861002696,8859.365605340654,8856.0520486887,8852.67728432339,8849.24066205317,8845.74153762485,8842.179273108291,8838.553237283215,8834.86280602785,8831.107362709085,8827.286298573787,8823.399013140956,8819.44491459434,8815.423420175182,8811.333956574717,8807.175960326049,8802.948878195024,8798.652167569735,8794.285296848233,8789.84774582408,8785.339006069316,8780.75858131446,8776.105987825107,8771.380754774731,8766.582424613256,8761.710553430994,8756.764711317517,8751.744482715045,8746.649466765923,8741.479277653765,8736.233544937848,8730.911913880316,8725.514045765794,8720.039618212984,8714.488325477823,8708.859878747797,8703.154006427007,8697.370454411579,8691.508986355024,8685.569383923152,8679.55144703816,8673.454994111537,8667.279862265372,8661.025907541767,8654.69300509996,8648.281049400837,8641.789954378512,8635.219653598651,8628.570100403254,8621.841268041577,8615.033149786947,8608.145759039198,8601.179129412487,8594.133314808241,8587.008389473061,8579.804448041346,8572.521605562477,8565.159997512395,8557.719779789444,8550.201128694322,8542.60424089407,8534.929333369992,8527.176643349449,8519.346428221474,8511.438965436202,8503.454552388088,8495.39350628294,8487.25616398883,8479.04288187089,8470.754035610134,8462.390020006382,8453.951248765406,8445.438154270469,8436.851187338403,8428.190816960449,8419.457530028032,8410.651831043764,8401.77424181787,8392.825301150355,8383.805564499218,8374.715603634995,8365.556006282013,8356.327375746687,8347.030330533262,8337.66550394738,8328.233543687906,8318.735111427433,8309.170882381939,8299.541544870042,8289.847799862362,8280.090360521468,8270.269951732953,8260.387309628131,8250.443181098939,8240.438323305556,8230.373503177338,8220.249496907625,8210.067089443015,8199.827073967688,8189.530251383391,8179.1774297856855,8168.7694239370685,8158.307054737586,8147.791148693555,8137.222537385023,8126.602056932574,8115.930547464122,8105.208852582302,8094.437818833071,8083.618295176158,8072.751132457952,8061.837182887442,8050.8772995158215,8039.87233572032,8028.823144692882,8017.730578934237,8006.595489753941,7995.418726776932,7984.201137457143,7972.9435665987,7961.646855885213,7950.3118434176495,7938.939363261283,7927.530245002166,7916.085313313584,7904.6053875329035,7893.09128124923,7881.543801902262,7869.963750392705,7858.351920704585,7846.709099539802,7835.036065965204,7823.333591072477,7811.6024376510995,7799.843359874596,7788.057103000298,7776.244403082805,7764.405986701293,7752.542570700831,7740.654861947795,7728.743557099491,7716.809342388041,7704.852893418575,7692.874874981762,7680.875940880654,7668.8567337718305,7656.817885020798,7644.760014571548,7632.6837308302065,7620.589630562644,7608.478298805907,7596.350308793322,7584.20622189309,7572.046587560162,7559.871943301217,7547.682814652452,7535.479715169994,7523.263146432613,7511.033598056499,7498.791547721764,7486.537461210394,7474.271792455304,7461.99498360016,7449.707465069628,7437.409655649697,7425.101962577686,7412.7847816415815,7400.458497288309,7388.123482740553,7375.78010012173,7363.428700588707,7351.069624471871,7338.703201422136,7326.329750564475,7313.949580657581,7301.562990259226,7289.170267896933,7276.7716922435275,7264.367532297183,7251.958047565552,7239.543488253583,7227.1240954546265,7214.700101344459,7202.271729377824,7189.839194487127,7177.402703282921,7164.962454255806,7152.518637979423,7140.071437314174,7127.621027611346,7115.167576917334,7102.7112461776305,7090.2521894402935,7077.790554058611,7065.326480892676,7052.860104509617,7040.391553382222,7027.920950085734,7015.448411492566,7002.974048964753,6990.497968543904,6978.020271138496,6965.541052708317,6953.060404445894,6940.578412954763,6928.095160424436,6915.610724801938,6903.1251799598085,6890.638595860449,6878.15103871674,6865.662571148841,6853.17325233711,6840.683138171078,6828.192281394439,6815.700731746018,6803.208536096682,6790.71573858219,6778.222380731968,6765.728501593803,6753.2341378544825,6740.739323956377,6728.244092210006,6715.748472902613,6703.252494402786,6690.756183261179,6678.259564307372,6665.762660742931,6653.265494230742,6640.768084980665,6628.270451831591,6615.77261232998,6603.274582804941,6590.776378439954,6578.278013341309,6565.779500603347,6553.280852370592,6540.782079896869,6528.283193601485,6515.78420312259,6503.285117367777,6490.785944562046,6478.286692293203,6465.787367554797,6453.287976786694,6440.7885259133545,6428.289020379942,6415.7894651863135,6403.289864919026,6390.790223781392,6378.290545621727,6365.790833959822,6353.291092011765,6340.791322713163,6328.29152874086,6315.7917125332115,6303.291876309015,6290.792022085138,6278.292151692937,6265.792266793517,6253.292368891916,6240.792459350257,6228.292539399936,6215.792610152914,6203.292672612146,6190.79272768122,6178.292776173246,6165.792818819048,6153.292856274698,6140.792889128451,6128.292917907097,6115.792943081801,6103.29296507344,6090.792984257489,6078.293000968481,6065.793015504084,6053.293028128807,6040.793039077373,6028.293048557791,6015.793056754137,6003.293063829079,5990.793069926159,5978.293075171856,5965.7930796774535,5953.293083540714,5940.793086847391,5928.293089672589,5915.79309208198,5903.293094132897,5890.79309587531,5878.293097352702,5865.793098602841,5853.29309965848,5840.79310054797,5828.29310129581,5815.7931019231255,5803.293102448107,5790.793102886381,5778.29310325135,5765.7931035544825,5753.293103805573,5740.79310401297,5728.293104183772,5715.793104324002,5703.293104438761,5690.793104532353,5678.29310460841,5665.7931046699805,5653.29310471962,5640.7931047594675,5628.293104791303,5615.79310481661,5603.2931048366145,5590.7931048523305,5578.293104864595,5565.793104874093,5553.293104881384,5540.793104886926,5528.293104891089,5515.79310489417,5503.293104896413,5490.793104898008,5478.2931048991095,5465.793104899838,5453.293104900288,5440.793104900535,5428.293104900635,5415.793104900621,5403.293104899975,5390.793104898357,5378.293104895005,5365.793104888553,5353.293104876993,5340.793104856977,5328.293104823269,5315.793104767712,5303.293104677634,5290.793104533662,5278.293104306242,5265.793103950675,5253.293103399825,5240.79310255334,5228.293101262176,5215.79309930617,5203.293096361798,5190.79309195612,5178.293085401195,5165.793075701209,5153.2930614215875,5140.793040505378,5128.293010016974,5115.792965786091,5103.292901915598,5090.792810104511,5078.2926787212955,5065.792491541781,5053.292226039033,5040.791851078107,5028.291323824871,5015.790585623108,5003.289556525513,4990.788128079437,4978.286153864643,4965.7834371549525,4953.2797149259095,4940.774637253855,4928.267740946489,4915.758416010292,4903.245863297097,4890.729041383933,4878.206600433436,4865.676800467087,4853.137411175912,4840.585590114573,4828.017735903682,4815.42931293808,4802.814644110284,4790.166668260908,4777.476659521427,4764.733906483825,4751.925350283372,4739.035182278698,4726.044404112086,4712.930355569444,4699.666218843601,4686.220511507943,4672.5565846518875,4658.632147076378,4644.3988409875965,4629.801898975762,4614.7799158625485,4599.264771815888,4583.181744483214,4566.449847277583,4548.982427874719,4530.688055017327,4511.471712575899,4491.236307372583,4469.884481680946,4447.320703023723,4423.453583704694,4398.198361588331,4371.479453469945,4343.232974705296,4313.40910547479,4281.974176999086,4248.912351827326,4214.226782165595,4177.940149619402,4140.094518367214,4100.750470387715,4059.9855336898363,4017.8919594360696,3974.5739476662106,3930.144459993582,3884.721787280022,3838.4260576435468,3791.375873031253,3743.685250247685,3695.4610156413064,3646.8007641118515,3597.791446581825,3548.5086003801325,3499.016189245859,3449.3669786612736,3399.603341770472,3349.758373567078,3299.8571869405846,3249.9182724342445,3199.954821627063,3149.975938404461,3099.9876891908416,3049.9939689251296,2999.9971813836682,2949.9987486844043,2899.9994748769523,2849.999792871192,2799.9999237250086,2749.999973987048,2699.9999918640174,2649.999997694504,2599.9999994171812,2549.9999998712083,2499.999999975805,2449.9999999962893,2399.9999999995644,2349.9999999999654,2299.9999999999986,2250.0,2200.0,2150.0,2100.0,2050.0,2000.0,1950.0,1900.0,1850.0,1800.0,1750.0,1700.0,1650.0,1600.0,1550.0,1500.0,1450.0,1400.0,1350.0,1300.0,1250.0,1200.0,1150.0,1100.0,1050.0,1000.0,950.0,900.0,850.0,800.0,750.0,700.0,650.0,600.0,550.0,500.0,450.0,400.0,350.0,300.0,250.0,200.0,150.0,100.0,50.0,0.0
46,9053.139049737612,9049.73780375591,9046.275073744522,9042.750232324304,9039.162658430083,9035.511737681862,9031.796862757574,9028.017433767081,9024.172858627095,9020.262553436698,9016.285942853141,9012.242460467558,9008.131549180269,9003.952661575315,8999.705260293873,8995.388818406167,8991.002819781535,8986.546759456252,8982.020143998749,8977.422491871837,8972.75333379156,8968.012213082267,8963.19868602755,8958.312322216605,8953.352704885669,8948.319431254105,8943.212112854757,8938.030375858165,8932.773861390258,8927.442225843124,8922.03514117846,8916.552295223319,8910.99339195777,8905.358151794078,8899.64631184703,8893.857626195027,8887.991866131593,8882.048820406908,8876.028295459026,8869.930115634437,8863.75412339762,8857.500179529246,8851.168163312737,8844.757972708841,8838.269524517933,8831.70275452975,8825.057617660274,8818.33408807551,8811.532159301882,8804.65184432303,8797.693175662771,8790.656205453994,8783.54100549333,8776.347667281387,8769.076302048372,8761.727040765007,8754.300034138534,8746.795452593751,8739.213486238952,8731.554344816703,8723.818257639394,8716.005473509522,8708.116260624683,8700.150906467275,8692.109717678919,8683.993019919644,8675.801157711889,8667.534494269396,8659.193411311098,8650.77830886011,8642.289605027961,8633.727735784238,8625.093154711796,8616.386332747763,8607.60775791052,8598.75793501293,8589.837385362047,8580.846646445592,8571.786271605504,8562.656829698848,8553.458904746445,8544.19309556956,8534.860015415017,8525.460291569127,8515.994564960833,8506.463489754495,8496.867732932733,8487.20797386979,8477.484903895878,8467.699225852975,8457.851653642563,8447.94291176582,8437.973734856758,8427.944867208853,8417.857062295676,8407.71108228609,8397.50769755454,8387.247686187004,8376.931833483173,8366.560931455419,8356.135778325117,8345.657178016914,8335.125939651509,8324.542877037527,8313.908808163073,8303.224554687524,8292.490941434173,8281.70879588426,8270.87894767299,8260.002228088093,8249.079469571483,8238.111505224586,8227.09916831787,8216.043291805127,8204.944707843015,8193.804247316428,8182.622739370134,8171.401010947242,8160.1398863349405,8148.840186717996,8137.50272974046,8126.128329076031,8114.717794007493,8103.271929015631,8091.79153337804,8080.277400778163,8068.7303189249415,8057.151069183412,8045.540426216546,8033.899157638645,8022.228023680575,8010.527776867065,7998.79916170634,7987.042914392277,7975.259762519283,7963.450424810063,7951.6156108564355,7939.756020873307,7927.8723454659175,7915.965265410441,7904.035451447992,7892.083564092091,7880.110253449591,7868.116159055067,7856.101909718653,7844.068123387247,7832.015407019071,7819.944356471435,7807.85555640165,7795.749580180939,7783.626989821201,7771.488335914472,7759.334157584897,7747.164982453016,7734.981326612151,7722.783694616663,7710.5725794818245,7698.348462695067,7686.111814238306,7673.863092621081,7661.602744924191,7649.331206853527,7637.048902803784,7624.75624593171,7612.453638238567,7600.1414706614505,7587.820123173111,7575.489964889926,7563.151354187652,7550.804638824579,7538.450156071736,7526.088232849747,7513.719185871974,7501.343321793561,7488.960937366002,7476.572319596857,7464.177745914223,7451.777484335611,7439.371793640822,7426.960923548482,7414.545114895855,7402.124599821564,7389.699601950895,7377.270336583303,7364.837010881788,7352.399824063817,7339.958967593442,7327.514625374319,7315.066973943289,7302.616182664251,7290.162413922006,7277.705823315803,7265.246559852322,7252.784766137811,7240.320578569144,7227.8541275235575,7215.385537546822,7202.914927539652,7190.442410942132,7177.968095915965,7165.492085524373,7153.014477909457,7140.535366466877,7128.054840017684,7115.572982977179,7103.089875520673,7090.605593746017,7078.120209832824,7065.6337921982595,7053.146405649344,7040.65811153168,7028.168967874545,7015.679029532298,7003.18834832206,6990.696973157629,6978.204950179609,6965.712322881738,6953.219132233404,6940.725416798355,6928.231212849604,6915.736554480552,6903.241473712342,6890.746000597488,6878.2501633198,6865.753988290645,6853.257500241609,6840.760722313587,6828.263676142377,6815.766381940822,6803.268858577579,6790.771123652575,6778.273193569217,6765.775083603443,6753.2768079696725,6740.7783798837545,6728.279811622978,6715.781114583235,6703.282299333417,6690.783375667132,6678.284352651819,6665.785238675358,6653.286041490253,6640.786768255465,6628.287425576007,6615.788019540355,6603.288555755785,6590.789039381695,6578.289475161019,6565.789867449794,6553.29022024497,6540.790537210545,6528.290821702084,6515.79107678972,6503.291305279695,6490.791509734515,6478.291692491792,6465.791855681836,6453.29200124407,6440.79213094232,6428.292246379048,6415.7923490085905,6403.29244014945,6390.792520995699,6378.292592627553,6365.792656021155,6353.292712057623,6340.792761531413,6328.292805158024,6315.792843581109,6303.292877379017,6290.792907070807,6278.292933121769,6265.792955948497,6253.292975923525,6240.792993379578,6228.293008613453,6215.7930218895635,6203.293033443171,6190.793043483322,6178.293052195531,6165.793059744203,6153.293066274839,6140.793071916033,6128.2930767812795,6115.793080970602,6103.293084572026,6090.793087662902,6078.293090311104,6065.7930925760975,6053.2930945099015,6040.793096157951,6028.2930975598665,6015.793098750141,6003.293099758758,5990.793100611734,5978.293101331605,5965.793101937859,5953.293102447322,5940.793102874486,5928.29310323182,5915.793103530025,5903.293103778271,5890.793103984398,5878.293104155096,5865.7931042960645,5853.293104412143,5840.793104507439,5828.293104585425,5815.79310464903,5803.293104700725,5790.793104742583,5778.29310477634,5765.793104803451,5753.293104825122,5740.79310484236,5728.293104855997,5715.793104866722,5703.2931048751025,5690.793104881602,5678.2931048866,5665.793104890408,5653.293104893276,5640.793104895408,5628.293104896966,5615.793104898081,5603.293104898858,5590.793104899378,5578.293104899707,5565.793104899895,5553.293104899983,5540.793104899998,5528.293104899709,5515.793104898882,5503.2931048971295,5490.793104893637,5478.293104887298,5465.793104876238,5453.293104857472,5440.793104826391,5428.2931047757875,5415.793104694598,5403.293104565926,5390.793104364141,5378.293104050648,5365.793103567635,5353.293102829028,5340.793101707381,5328.293100014936,5315.793097476531,5303.293093690887,5290.793088075605,5278.293079789411,5265.793067622702,5253.293049844211,5240.793023987213,5228.2929865528395,5215.792932600301,5203.2928551836285,5190.792744581165,5178.292587246731,5165.792364388952,5153.292050056608,5140.791608571435,5128.290991103836,5115.7901311295645,5103.288938434257,5090.787291245406,5078.285025965299,5065.781923851159,5053.2776938376755,5040.771950520398,5028.264186114886,5015.753734975916,5003.239729005343,4990.721042000394,4978.19622070369,4965.663400023449,4953.120199613462,4940.563598759838,4927.989786343764,4915.393982572955,4902.770229242228,4890.111145546376,4877.4076469824695,4864.648625704031,4851.820591886634,4838.907277289443,4825.889204295516,4812.743226312333,4799.442048512579,4785.9537414557135,4772.241264067826,4758.262016627708,4743.967448603529,4729.302750130681,4714.206659273764,4698.6114195717655,4682.442923280983,4665.62107474608,4648.060405008946,4629.670962740309,4610.359497605898,4590.030940194469,4568.590167813038,4545.9440282534915,4522.003574826037,4496.686446628351,4469.919309552008,4441.6402575156835,4411.801061561422,4380.369148417547,4347.329191360303,4312.684205721521,4276.456059615715,4238.6853370658355,4199.430524512269,4158.766530657323,4116.78259092693,4073.5796481640236,4029.2673368919777,3983.9607261177453,3937.776992241908,3890.832197203794,3843.2383367640414,3795.10080049683,3746.5163507459743,3697.571685850642,3648.342607589432,3598.893768597039,3549.2789368139456,3499.541684382032,3449.7163901027902,3399.8294384351084,3349.900503303139,3299.9438196656934,3249.969366897142,3199.983912167221,3149.9918859299814,3099.9960826691213,3049.998196413113,2999.9992114425577,2949.9996742007106,2899.9998735244685,2849.999954177745,2799.999984630482,2749.9999952739154,2699.999998683813,2649.999999673122,2599.999999929063,2549.9999999869183,2499.9999999980314,2449.9999999997735,2399.9999999999823,2349.999999999999,2300.0,2250.0,2200.0,2150.0,2100.0,2050.0,2000.0,1950.0,1900.0,1850.0,1800.0,1750.0,1700.0,1650.0,1600.0,1550.0,1500.0,1450.0,1400.0,1350.0,1300.0,1250.0,1200.0,1150.0,1100.0,1050.0,1000.0,950.0,900.0,850.0,800.0,750.0,700.0,650.0,600.0,550.0,500.0,450.0,400.0,350.0,300.0,250.0,200.0,150.0,100.0,50.0,0.0
47,9213.15430180709,9209.089468257222,9204.957734314186,9200.758567868617,9196.491446695121,9192.155858807706,9187.751302813274,9183.277288262852,9178.733336000158,9174.11897850721,9169.433760246551,9164.677237999773,9159.84898120194,9154.948572271565,9149.975606935754,9144.929694550152,9139.81045841333,9134.617536075228,9129.350579639282,9124.009256057887,9118.593247420813,9113.102251236205,9107.535980703833,9101.894164980193,9096.17654943514,9090.3828958997,9084.512982904693,9078.566605909862,9072.54357752315,9066.44372770982,9060.266903991082,9054.012971631944,9047.681813817964,9041.27333182062,9034.787445151018,9028.224091701682,9021.583227876137,9014.864828706051,9008.06888795572,9001.19541821364,8994.244450970975,8987.216036686723,8980.110244839389,8972.927163965005,8965.666901681347,8958.329584698191,8950.915358813514,8943.424388895513,8935.85685885036,8928.212971575618,8920.492948899268,8912.697031504298,8904.82547883885,8896.8785690119,8888.856598674514,8880.759882886681,8872.588754969809,8864.343566344927,8856.024686356703,8847.63250208337,8839.167418132702,8830.629856424166,8822.02025595744,8813.33907256746,8804.586778666187,8795.76386297136,8786.870830222413,8777.90820088386,8768.876510836388,8759.776311055974,8750.608167281309,8741.372659669873,8732.070382442991,8722.701943520238,8713.267964143539,8703.769078491385,8694.205933283532,8684.579187376636,8674.889511351206,8665.137587090358,8655.324107350792,8645.449775326484,8635.515304205535,8625.521416720692,8615.468844694009,8605.358328576178,8595.190616981006,8584.966466215585,8574.686639806663,8564.351908023738,8553.963047399424,8543.520840247602,8533.026074179917,8522.479541621147,8511.882039323977,8501.234367883742,8490.537331253654,8479.791736261059,8468.998392125268,8458.158109977474,8447.27170238329,8436.339982868443,8425.363765448103,8414.34386416039,8403.281092604535,8392.176263484202,8381.030188156426,8369.843676186667,8358.617534910409,8347.352569001778,8336.049580049588,8324.709366141255,8313.332721454964,8301.920435860502,8290.47329452911,8278.992077552743,8267.477559573033,8255.930509420343,8244.351689763165,8232.741856768183,8221.101759771263,8209.432140959623,8197.733735065414,8186.007269070946,8174.253461925713,8162.47302427544,8150.666658203273,8138.835056983257,8126.978904846224,8115.0988767581775,8103.195638211245,8091.269845027265,8079.322143174034,8067.353168594229,8055.363547047001,8043.353893962216,8031.324814307302,8019.276902466635,8007.210742133381,7995.126906213708,7983.025956743232,7970.908444815581,7958.774910522913,7946.625882908229,7934.461879929293,7922.283408433964,7910.09096414673,7897.8850316662065,7885.666084473379,7873.434584950317,7861.190984409107,7848.935723130733,7836.669230413603,7824.391924631446,7812.104213300257,7799.806493153989,7787.499150228674,7775.18255995463,7762.857087256443,7750.523086660372,7738.180902408837,7725.830868581648,7713.473309223633,7701.108538478291,7688.736860727149,7676.358570734448,7663.973953796818,7651.583285897583,7639.186833865353,7626.78485553655,7614.377599921529,7601.965307373948,7589.548209763056,7577.126530648556,7564.700485457728,7552.2702816644905,7539.836118970075,7527.398189485015,7514.956677912147,7502.511761730331,7490.063611378607,7477.6123904405,7465.158255828233,7452.701357966558,7440.2418409759775,7427.779842855107,7415.315495661958,7402.848925693917,7390.38025366621,7377.90959488865,7365.437059440499,7352.962752343244,7340.486773731123,7328.009219019269,7315.530179069283,7303.04974035214,7290.567985108286,7278.084991504801,7265.600833789542,7253.115582442161,7240.629304321915,7228.142062812188,7215.653917961667,7203.164926622108,7190.675142582655,7178.184616700653,7165.693397028946,7153.201528939626,7140.709055244222,7128.21601631032,7115.722450174612,7103.228392652398,7090.733877443519,7078.238936234792,7065.743598798921,7053.247893089956,7040.751845335314,7028.255480124415,7015.758820493977,7003.261888010018,6990.764702846625,6978.267283861545,6965.769648668662,6953.271813707424,6940.773794309289,6928.275604761253,6915.777258366548,6903.278767502567,6890.780143676094,6878.281397575929,6865.782539122968,6853.283577517828,6840.784521286092,6828.285378321249,6815.786155925415,6803.286860847908,6790.787499321761,6778.288077098244,6765.788599479478,6753.289071349218,6740.7894972018685,6728.289881169825,6715.790227049199,6703.290538323998,6690.790818188847,6678.291069570298,6665.791295146809,6653.291497367452,6640.791678469414,6628.291840494352,6615.791985303665,6603.292114592729,6590.792229904175,6578.292332640227,6565.792424074194,6553.292505361127,6540.792577547714,6528.292641581452,6515.792698319133,6503.292748534697,6490.792792926487,6478.292832123935,6465.792866693739,6453.292897145538,6440.792923937135,6428.292947479303,6415.792968140179,6403.292986249307,6390.793002101329,6378.293015959363,6365.793028058091,6353.293038606571,6340.793047790801,6328.293055776054,6315.793062708996,6303.293068719612,6290.7930739229505,6278.293078420704,6265.7930823026345,6253.293085647868,6240.793088526053,6228.29309099841,6215.793093118674,6203.293094933939,6190.79309648542,6178.293097809131,6165.793098936489,6153.293099894865,6140.7931007080615,6128.293101396746,6115.793101978835,6103.293102469832,6090.79310288313,6078.293103230282,6065.793103521231,6053.293103764523,6040.793103967485,6028.293104136392,6015.793104276603,6003.29310439269,5990.793104488542,5978.29310456746,5965.793104632246,5953.293104685262,5940.793104728506,5928.293104763657,5915.793104792125,5903.293104815091,5890.793104833542,5878.2931048483,5865.793104860047,5853.293104869347,5840.793104876669,5828.293104882396,5815.793104886844,5803.293104890272,5790.793104892889,5778.293104894865,5765.793104896338,5753.293104897421,5740.7931048982,5728.2931048987475,5715.793104899119,5703.293104899358,5690.793104899499,5678.29310489957,5665.793104899591,5653.293104899474,5640.793104899052,5628.293104898123,5615.793104896248,5603.293104892788,5590.793104886694,5578.293104876259,5565.793104858882,5553.2931048304645,5540.7931047846905,5528.29310471191,5515.793104597429,5503.29310441907,5490.793104143542,5478.293103721158,5465.793103078175,5453.293102105701,5440.793100643768,5428.293098458508,5415.793095209636,5403.293090404335,5390.793083332138,5378.293072973389,5365.793057871173,5353.293035952934,5340.793004283165,5328.292958722119,5315.792893457024,5303.292800361208,5290.792668122114,5278.292481060599,5265.792217540034,5253.291847833336,5240.79133127772,5228.290612498831,5215.7896164262265,5203.288241748617,5190.78635236767,5178.283766301083,5165.7802413567615,5153.275456748224,5140.7689896452885,5128.260285452902,5115.748620385407,5103.233054655928,5090.712374335941,5078.185019666539,5065.648997332684,5053.101773961677,5040.540147899906,5027.960096186349,5015.35659361286,5002.723400881955,4990.052819190955,4977.335409139682,4964.5596727329885,4951.711698483507,4938.774771262983,4925.728950639333,4912.550623989222,4899.212043682929,4885.680861053525,4871.9196735944715,4857.885605733229,4843.529947398631,4828.797878169552,4813.628307735575,4797.95386534047,4781.701071407176,4764.790723242586,4747.138523204188,4728.655971662295,4709.251538315644,4688.8321138909805,4667.3047301760635,4644.578520157658,4620.566872502279,4595.189716751067,4568.375858676096,4540.06527072384,4510.2112318956715,4478.7822062756595,4445.763350989897,4411.157553562246,4374.985915764189,4337.287625806856,4298.119191997997,4257.553046930158,4215.675569348048,4172.584608038775,4128.386625150618,4083.193602137212,4037.119867382447,3990.2790086471487,3942.7810250523894,3894.729852900985,3846.221369037928,3797.3419375790263,3748.167524412079,3698.7633629735155,3649.184118357599,3599.4744681181583,3549.6699994223704,3499.7983144627087,3449.8802388226272,3399.931039210146,3349.961575117153,3299.9793305686126,3249.9892942400825,3199.9946763129437,3149.997466695906,3099.9988507226913,3049.9995050322696,2999.999798621982,2949.999923043253,2899.9999725620373,2849.999990946329,2799.9999972621763,2749.999999250437,2699.9999998170615,2649.9999999610004,2599.999999992938,2549.999999998957,2499.999999999882,2449.999999999991,2399.9999999999995,2350.0,2300.0,2250.0,2200.0,2150.0,2100.0,2050.0,2000.0,1950.0,1900.0,1850.0,1800.0,1750.0,1700.0,1650.0,1600.0,1550.0,1500.0,1450.0,1400.0,1350.0,1300.0,1250.0,1200.0,1150.0,1100.0,1050.0,1000.0,950.0,900.0,850.0,800.0,750.0,700.0,650.0,600.0,550.0,500.0,450.0,400.0,350.0,300.0,250.0,200.0,150.0,100.0,50.0,0.0
48,9366.146310801183,9361.374848861622,9356.532306033558,9351.618276940773,9346.632369190289,9341.574203677243,9336.44341488435,9331.239651175627,9325.962575084013,9320.611863592547,9315.187208408768,9309.68831623199,9304.114909013106,9298.46672420661,9292.743515014483,9286.94505062163,9281.071116422552,9275.121514238923,9269.096062527771,9262.99459657998,9256.816968708776,9250.563048427948,9244.232722619516,9237.825895690552,9231.342489718932,9224.782444587736,9218.145718108075,9211.432286130099,9204.64214264198,9197.775299856663,9190.83178828617,9183.811656803306,9176.714972690566,9169.541821676117,9162.292307956684,9154.96655420724,9147.564701577361,9140.086909674174,9132.533356531778,9124.904238567126,9117.199770522253,9109.420185392868,9101.565734343254,9093.636686607504,9085.633329377077,9077.55596767473,9069.404924214867,9061.18053925035,9052.883170405905,9044.513192498158,9036.070997342478,9027.55699354672,9018.971606292038,9010.31527710094,9001.588463592765,8992.791639226774,8983.925293033104,8974.98992933179,8965.986067440133,8956.914241368662,8947.774999505991,8938.56890429286,8929.296531885684,8919.95847180993,8910.55532660368,8901.087711451715,8891.556253810526,8881.9615930246,8872.304379934401,8862.58527647645,8852.80495527591,8842.964099232135,8833.063401097595,8823.103563050636,8813.085296262536,8803.00932045933,8792.876363478863,8782.687160823554,8772.44245520937,8762.142996111483,8751.789539307114,8741.382846416072,8730.923684439465,8720.412825297108,8709.85104536412,8699.239125007223,8688.577848121247,8677.86800166632,8667.11037520628,8656.305760448786,8645.454950787604,8634.558740847604,8623.617926032903,8612.633302078653,8601.60566460695,8590.535808687306,8579.424528402156,8568.272616417835,8557.080863561454,8545.850058404118,8534.580986850875,8523.274431737811,8511.931172436667,8500.551984467365,8489.137639118791,8477.68890307819,8466.206538069497,8454.691300500921,8443.143941122089,8431.56520469101,8419.95582965117,8408.316547818937,8396.6480840816,8384.951156106166,8373.226474059173,8361.474740337664,8349.696649311512,8337.892887077198,8326.064131223202,8314.211050607093,8302.334305144406,8290.434545609382,8278.5124134476,8266.56854060056,8254.60354934221,8242.618052127407,8230.612651452311,8218.58793972665,8206.54449915781,8194.482901646657,8182.4037086950375,8170.30747132479,8158.194730008207,8146.066014609761,8133.921844338956,8121.76272771415,8109.589162537133,8097.401635878299,8085.2006240721785,8072.986592723119,8060.759996720884,8048.521280265917,8036.270876904028,8024.009209570228,8011.736690641443,7999.453721997828,7987.160695092394,7974.857991028637,7962.545980645888,7950.225024612063,7937.895473523503,7925.557668011588,7913.211938855808,7900.858607102959,7888.497984192148,7876.130372085276,7863.756063402675,7851.375341563569,7838.988480931028,7826.595746961101,7814.197396355797,7801.79367721959,7789.38482921914,7776.971083745901,7764.552664081318,7752.129785564303,7739.70265576069,7727.271474634367,7714.836434719813,7702.397721295731,7689.955512559531,7677.509979802373,7665.061287584518,7652.609593910736,7640.155050405514,7627.69780248785,7615.23798954538,7602.775745107641,7590.311197018251,7577.844467605798,7565.375673853263,7552.904927565792,7540.4323355366305,7527.957999711082,7515.482017348316,7503.004481180895,7490.525479571887,7478.04509666944,7465.563412558688,7453.0805034109135,7440.596441629848,7428.111295995026,7415.625131802126,7403.138011000221,7390.649992325881,7378.1611314340735,7365.671481025828,7353.181090972609,7340.690008437395,7328.19827799242,7315.705941733588,7303.213039391521,7290.719608439284,7278.225684196747,7265.731299931646,7253.236486957312,7240.74127472713,7228.245690925742,7215.749761557021,7203.253511028875,7190.756962234904,7178.26013663296,7165.763054320676,7153.265734107996,7140.768193586782,7128.270449197541,7115.772516293344,7103.2744092010025,7090.776141279561,7078.277724976177,7065.77917187946,7053.280492770338,7040.781697670524,7028.282795888646,7015.78379606413,7003.284706208894,6990.785533746932,6978.286285551861,6965.786967982502,6953.2875869165655,6940.788147782521,6928.2886555897085,6915.789114956777,6903.2895301385015,6890.789905051067,6878.290243295862,6865.790548181873,6853.2908227467215,6840.7910697764155,6828.291291823882,6815.791491226328,6803.291670121495,6790.791830462861,6778.291974033846,6765.792102461067,6753.292217226708,6740.79231968003,6728.292411048094,6715.792492445726,6703.292564884767,6690.792629282667,6678.292686470438,6665.792737200022,6653.29278215111,6640.7928219374335,6628.292857112578,6615.79288817534,6603.292915574661,6590.792939714164,6578.292960956327,6565.792979626309,6553.2929960154615,6540.793010384542,6528.293022966654,6515.793033969933,6503.2930435800035,6490.793051962206,6478.2930592636385,6465.7930656150065,6453.293071132301,6440.793075918324,6428.293080064074,6415.793083649993,6403.293086747097,6390.793089417996,6378.293091717816,6365.793093695023,6353.2930953921705,6340.7930968465635,6328.293098090863,6315.79309915362,6303.293100059754,6290.793100830985,6278.2931014862115,6265.793102041855,6253.293102512157,6240.793102909453,6228.293103244408,6215.793103526224,6203.293103762831,6190.793103961053,6178.293104126744,6165.793104264923,6153.2931043798835,6140.7931044752895,6128.293104554263,6115.793104619461,6103.293104673135,6090.793104717194,6078.29310475325,6065.793104782662,6053.293104806574,6040.793104825943,6028.293104841575,6015.793104854138,6003.29310486419,5990.793104872197,5978.293104878541,5965.793104883541,5953.293104887456,5940.793104890501,5928.293104892852,5915.79310489465,5903.293104896012,5890.79310489703,5878.293104897782,5865.793104898325,5853.293104898708,5840.793104898971,5828.293104899143,5815.793104899248,5803.293104899303,5790.793104899323,5778.293104899289,5765.793104899079,5753.293104898587,5740.793104897584,5728.293104895693,5715.793104892335,5703.293104886546,5690.793104876843,5678.293104860899,5665.793104835104,5653.293104793947,5640.793104729013,5628.293104627563,5615.793104470435,5603.29310422896,5590.793103860491,5578.293103301911,5565.79310246028,5553.293101199402,5540.79309932063,5528.293096535559,5515.79309242735,5503.293086396192,5490.793077582747,5478.293064761159,5465.7930461901815,5453.293019406975,5440.792980942777,5428.292925932619,5415.792847582074,5403.292736442029,5390.792579427035,5378.292358492862,5365.79204886361,5353.29161666662,5340.7910157932065,5328.290183753077,5315.789036228434,5303.287459958037,5290.785303489847,5278.282365231078,5265.778378094487,5253.2729898878915,5240.7657384190225,5228.2560200898215,5215.743050534355,5203.225815615807,5190.703010846207,5178.172967036486,5165.63355973703,5153.0820998075205,5140.515202282357,5127.928630603035,5115.317113306165,5102.674130425981,5089.991667239103,5077.2599335962495,5064.467048001545,5051.598686863407,5038.637700993826,5025.563703504145,5012.352635745308,4998.976320851285,4985.402017713348,4971.591991743767,4957.503122434008,4943.086571273545,4928.287536813861,4913.045126229092,4897.292374288631,4880.956440841688,4863.959016342907,4846.216961278637,4827.643199314689,4808.147875425189,4787.6397791880845,4766.028020060525,4743.223926230068,4719.143122284072,4693.707724410486,4666.848576318693,4638.5074358863185,4608.639013096541,4577.2127554692415,4544.2142790428115,4509.646351809963,4473.529352630028,4435.901151697811,4396.816387631433,4356.3451494560095,4314.571106914022,4271.589166897885,4227.502764447721,4182.420920856668,4136.455216562717,4089.7168309882227,4042.3137945939984,3994.348580540848,3945.9161360293065,3897.102419157628,3847.983469277328,3798.6250009756295,3749.0824775391807,3699.401592104846,3649.6190658520923,3599.7636635860263,3549.8573277496826,3499.9163410366564,3449.952443250686,3399.973847291226,3349.986119465298,3299.9929083619836,3249.996522483885,3199.9983686548267,3149.9992706137477,3099.999690504804,3049.999875977339,2999.9999533326964,2949.9999836221396,2899.999994682242,2849.999998418155,2799.999999574133,2749.999999897829,2699.999999978597,2649.999999996193,2599.999999999448,2549.999999999939,2499.9999999999955,2450.0,2400.0,2350.0,2300.0,2250.0,2200.0,2150.0,2100.0,2050.0,2000.0,1950.0,1900.0,1850.0,1800.0,1750.0,1700.0,1650.0,1600.0,1550.0,1500.0,1450.0,1400.0,1350.0,1300.0,1250.0,1200.0,1150.0,1100.0,1050.0,1000.0,950.0,900.0,850.0,800.0,750.0,700.0,650.0,600.0,550.0,500.0,450.0,400.0,350.0,300.0,250.0,200.0,150.0,100.0,50.0,0.0
49,9511.815926991429,9506.309380116963,9500.72905501512,9495.07469702338,9489.346066782613,9483.542940460986,9477.665109969501,9471.71238316882,9465.684584067132,9459.581553008753,9453.403146853196,9447.14923914444,9440.819720270143,9434.414497610534,9427.933495676762,9421.376656238443,9414.743938440208,9408.035318907016,9401.250791838043,9394.39036908894,9387.454080242293,9380.441972666107,9373.354111560173,9366.19057999013,9358.951478909152,9351.636927167088,9344.247061506978,9336.782036548853,9329.242024760726,9321.627216416733,9313.93781954235,9306.17405984669,9298.336180641814,9290.424442749114,9282.439124392717,9274.380521079991,9266.248945469171,9258.04472722417,9249.768212856658,9241.419765555494,9232.999765003631,9224.508607182604,9215.946704164753,9207.314483893337,9198.6123899507,9189.840881314698,9181.000432103567,9172.09153130948,9163.114682520987,9154.070403634634,9144.959226555984,9135.781696890346,9126.538373623493,9117.229828792664,9107.856647148208,9098.419425806145,9088.91877389204,9079.35531217651,9069.729672702775,9060.042498406565,9050.29444272885,9040.486169221738,9030.618351147967,9020.691671074415,9010.706820460051,9000.664499238756,8990.565415397446,8980.410284549984,8970.199829507272,8959.934779844029,8949.615871462707,8939.243846154992,8928.81945116137,8918.34343872923,8907.816565669973,8897.239592915601,8886.613285075238,8875.938409992092,8865.215738301282,8854.446042989037,8843.630098953694,8832.768682568985,8821.862571250043,8810.91254302259,8799.919376095753,8788.883848438923,8777.80673736311,8766.688819107196,8755.53086842952,8744.333658205158,8733.09795902933,8721.824538827299,8710.514162471121,8699.167591403619,8687.785583269915,8676.368891556871,8664.918265240729,8653.434448443271,8641.918180096807,8630.370193618217,8618.791216592366,8607.181970465093,8595.54317024603,8583.875524221436,8572.179733677285,8560.45649263274,8548.706487584212,8536.930397260132,8525.128892386581,8513.302635463866,8501.452280554166,8489.578473080303,8477.681849635714,8465.763037805664,8453.822655999718,8441.861313295502,8429.879609293723,8417.878133984448,8405.857467624586,8393.81818062653,8381.760833457876,8369.685976552153,8357.594150230436,8345.485884633756,8333.36169966615,8321.222104948232,8309.067599781112,8296.898673120497,8284.715803560795,8272.519459329033,8260.310098288364,8248.088167950984,8235.854105500182,8223.60833782134,8211.351281541605,8199.08334307799,8186.8049186936405,8174.516394562012,8162.21814683866,8149.910541740386,8137.593935631441,8125.268675116498,8112.935097140106,8100.593529092314,8088.244288920188,8075.887685244894,8063.52401748406,8051.153575979107,8038.776642127242,8026.393488517817,8014.00437907274,8001.609569190646,7989.209305894516,7976.803827982467,7964.393366181392,7951.978143303182,7939.558374403238,7927.134266940979,7914.706020942084,7902.273829162194,7889.8378772517935,7877.398343922037,7864.955401111248,7852.509214151842,7840.059941937455,7827.6077370900275,7815.15274612662,7802.695109625758,7790.234962393084,7777.7724336261235,7765.307647077966,7752.840721219699,7740.371769401385,7727.9009000114565,7715.428216634338,7702.95381820617,7690.477799168479,7678.000249619682,7665.521255464285,7653.040898559671,7640.559256860382,7628.076404559782,7615.59241222902,7603.107346953236,7590.621272464894,7578.134249274227,7565.646334796709,7553.157583477517,7540.668046912942,7528.177773968723,7515.686810895264,7503.195201439734,7490.702986955023,7478.210206505557,7465.716896969965,7453.22309314062,7440.728827820041,7428.2341319142,7415.739034522733,7403.243563026101,7390.747743169713,7378.251599145068,7365.755153667933,7353.258428053619,7340.761442289394,7328.264215104069,7315.76676403484,7303.269105491407,7290.7712548174495,7278.273226349513,7265.775033473358,7253.276688677846,7240.778203606421,7228.279589106245,7215.780855275074,7203.28201150591,7190.783066529529,7178.28402845492,7165.784904807737,7153.285702566799,7140.786428198726,7128.287087690769,7115.787686581907,7103.288229992269,7090.788722650951,7078.289168922291,7065.789572830664,7053.289938083864,7040.7902680951265,7028.290566003855,7015.7908346951135,7003.291076817935,6990.791294802509,6978.291490876288,6965.791667079089,6953.291825277225,6940.791967176709,6928.292094335596,6915.792208175504,6903.292309992351,6890.792400966354,6878.292482171338,6865.7925545833905,6853.292619088896,6840.792676491988,6828.292727521462,6815.792772837177,6803.292813035963,6790.792848657101,6778.2928801873595,6765.792908065659,6753.292932687349,6740.7929544081635,6728.292973547836,6715.792990393435,6703.293005202419,6690.793018205428,6678.293029608847,6665.793039597145,6653.293048335014,6640.793055969314,6628.2930626308535,6615.793068435999,6603.293073488148,6590.7930778790615,6578.293081690067,6565.793084993163,6553.293087851998,6540.793090322775,6528.29309245505,6515.793094292464,6503.293095873396,6490.793097231552,6478.293098396491,6465.793099394101,6453.293100247021,6440.793100975021,6428.293101595337,6415.793102122979,6403.293102570991,6390.793102950698,6378.293103271913,6365.7931035431275,6353.2931037716735,6340.793103963875,6328.293104125178,6315.793104260258,6303.2931043731305,6290.793104467231,6278.293104545498,6265.793104610437,6253.293104664181,6240.793104708542,6228.29310474506,6215.793104775034,6203.293104799565,6190.793104819577,6178.293104835848,6165.793104849031,6153.293104859674,6140.79310486823,6128.293104875082,6115.793104880541,6103.29310488487,6090.793104888285,6078.293104890962,6065.793104893047,6053.293104894658,6040.7931048958935,6028.293104896831,6015.793104897534,6003.2931048980545,5990.793104898433,5978.293104898702,5965.793104898888,5953.29310489901,5940.793104899087,5928.293104899129,5915.793104899146,5903.293104899147,5890.793104899047,5878.29310489879,5865.793104898258,5853.293104897228,5840.793104895378,5828.293104892168,5815.793104886752,5803.29310487781,5790.793104863285,5778.293104840026,5765.793104803209,5753.293104745519,5740.793104655933,5728.29310451792,5715.793104306827,5703.293103986092,5690.79310350175,5678.293102774541,5665.7931016885905,5653.293100075269,5640.793097690257,5628.293094181112,5615.793089041594,5603.293081547629,5590.793070667909,5578.293054939626,5565.793032296506,5553.292999831853,5540.792953473525,5528.292887540074,5515.792794137372,5503.2926623421245,5490.792477102175,5478.29221776232,5465.791856097607,5453.291353702351,5440.790658541093,5428.289700415566,5415.788385037925,5403.286586322773,5390.784136417111,5378.280812876184,5365.776322262523,5353.270279293967,5340.762180493448,5328.251371099005,5315.737003778988,5303.217987468154,5290.692924401954,5278.160033188102,5265.617055529996,5253.061144023506,5240.4887283099815,5227.895356812442,5215.275511342527,5202.622392082019,5189.927670857873,5177.181211289764,5164.370755340426,5151.481577084602,5138.496106167659,5125.393525471911,5112.149349949995,5098.734996395844,5085.11735704638,5071.258393241475,5057.114768769601,5042.637545795435,5027.771969156862,5012.45736704018,4996.627197266498,4980.2092683039045,4963.126162319178,4945.295883796667,4926.632751250429,4907.048541222219,4886.453883129749,4864.759890834307,4841.88000248053,4817.731984900535,4792.240043571002,4765.336964857934,4736.966205305381,4707.083834292069,4675.660232697819,4642.681452299097,4608.150149128952,4572.086019215092,4534.525686620222,4495.522020610414,4455.142889523017,4413.469391414602,4370.593633373194,4326.616159832367,4281.643152766848,4235.783541085975,4189.146161315282,4141.837106067847,4093.9573811474725,4045.600967700947,3996.8533548610462,3947.790573692786,3898.478728227944,3848.9739871785596,3799.3229733814896,3749.563469223799,3699.7253463427523,3649.831626833412,3599.8995900807977,3549.9418524119133,3499.96736378717,3449.982284323654,3399.990721356082,3349.9953232468656,3299.9977381317476,3249.99895377961,3199.9995389043934,3149.9998071950395,3099.9999238852743,3049.99997179321,2999.999990253724,2949.9999968853076,2899.9999990883734,2849.9999997585924,2799.9999999430515,2749.999999988274,2699.9999999979505,2649.999999999708,2599.999999999968,2549.9999999999977,2500.0,2450.0,2400.0,2350.0,2300.0,2250.0,2200.0,2150.0,2100.0,2050.0,2000.0,1950.0,1900.0,1850.0,1800.0,1750.0,1700.0,1650.0,1600.0,1550.0,1500.0,1450.0,1400.0,1350.0,1300.0,1250.0,1200.0,1150.0,1100.0,1050.0,1000.0,950.0,900.0,850.0,800.0,750.0,700.0,650.0,600.0,550.0,500.0,450.0,400.0,350.0,300.0,250.0,200.0,150.0,100.0,50.0,0.0
50,9650.024327728734,9643.77043301893,9637.441697241575,9631.038030599153,9624.5593599121,9618.00562874,9611.376797492278,9604.672843528218,9597.893761246118,9591.039562161379,9584.110274973398,9577.10594562106,9570.026637326719,9562.872430628515,9555.643423400932,9548.33973086343,9540.961485577121,9533.508837429354,9525.981953606166,9518.381018552524,9510.706233920326,9502.957818504128,9495.136008164569,9487.241055739507,9479.27323094288,9471.2328202513,9463.120126778447,9454.935470137292,9446.679186290243,9438.3516273873,9429.953161592293,9421.48417289736,9412.945060925755,9404.336240723158,9395.658142537652,9386.911211588504,9378.095907823985,9369.21270566841,9360.262093758603,9351.24457467006,9342.160664632996,9333.010893238596,9323.795803135688,9314.515949718172,9305.171900803447,9295.764236302197,9286.29354787982,9276.760438609857,9267.16552261973,9257.509424729185,9247.792780081763,9238.016233769698,9228.180440452608,9218.28606397038,9208.333776950622,9198.324260411118,9188.258203357682,9178.136302377812,9167.959261230593,9157.727790433262,9147.442606844863,9137.104433247432,9126.71399792515,9116.272034241898,9105.779280217657,9095.236478104202,9084.644373960507,9074.003717228343,9063.315260308462,9052.579758137843,9041.797967768414,9030.970647947683,9020.098558701719,9009.182460920883,8998.223115948762,8987.221285174668,8976.17772963016,8965.093209589946,8953.968484177576,8942.804310976302,8931.60144564548,8920.360641542868,8909.08264935318,8897.768216723245,8886.418087904078,8875.033003400205,8863.613699626549,8852.160908573143,8840.67535747799,8829.157768508305,8817.608858450412,8806.029338408536,8794.419913512693,8782.781282635924,8771.114138121036,8759.419165517054,8747.697043325536,8735.948442756899,8724.174027496909,8712.37445348343,8700.550368693548,8688.702412941155,8676.831217685058,8664.937405847682,8653.021591644394,8641.084380423466,8629.126368516718,8617.148143100783,8605.150282069028,8593.133353914045,8581.097917620698,8569.044522569631,8556.973708451178,8544.886005189568,8532.78193287733,8520.662001719755,8508.526711989314,8496.376553989854,8484.21200803044,8472.033544408652,8459.841623403183,8447.63669527552,8435.419200280528,8423.189568685724,8410.94822079901,8398.695567004652,8386.432007807267,8374.157933883575,8361.87372614166,8349.579755787508,8337.276384398525,8324.963964003808,8312.642837170877,8300.313337098603,8287.975787716048,8275.630503786944,8263.277791019535,8250.917946181482,8238.551257219573,8226.178003383926,8213.798455356424,8201.412875383081,8189.021517410077,8176.624627223162,8164.2224425901595,8151.8151934063,8139.403101842104,8126.986382493547,8114.565242534248,8102.139881869407,8089.710493291259,8077.277262635772,8064.840368940355,8052.399984602343,8039.956275538004,8027.509401341872,8015.059515446164,8002.606765280073,7990.151292428738,7977.6932327916875,7965.232716740565,7952.769869275956,7940.3048101831455,7927.837654186624,7915.368511103198,7902.897485993551,7890.424679312098,7877.950187055025,7865.474100906351,7852.996508381932,7840.517492971261,7828.03713427699,7815.555508152057,7803.072686834346,7790.588739078792,7778.103730286861,7765.617722633347,7753.1307751904205,7740.64294404888,7728.15428243657,7715.664840833924,7703.174667086607,7690.683806515228,7678.192302022116,7665.70019419514,7653.207521408575,7640.714319921004,7628.220623970281,7615.72646586554,7603.231876076297,7590.736883318634,7578.241514638511,7565.745795492232,7553.249749824085,7540.753400141208,7528.256767585717,7515.759872004126,7503.262732014117,7490.765365068715,7478.267787517894,7465.770014667692,7453.272060836872,7440.773939411199,7428.275662895374,7415.777242962705,7403.278690502552,7390.780015665631,7378.281227907211,7365.7823360282955,7353.283348214827,7340.78427207499,7328.2851146746725,7315.785882571145,7303.286581845023,7290.787218130572,7278.287796644423,7265.788322212744,7253.288799296946,7240.78923201797,7228.2896241792105,7215.7899792881535,7203.290300576752,7190.790591020624,7178.290853357107,7165.791090102236,7153.291303566674,7140.791495870675,7128.291668958099,7115.7918246095405,7103.291964454616,7090.79208998345,7078.292202557395,7065.792303419049,7053.292393701578,7040.7924744374095,7028.292546566318,7015.792610942941,7003.292668343757,6990.792719473562,6978.292764971475,6965.792805416488,6953.292841332615,6940.792873193641,6928.292901427501,6915.792926420337,6903.292948520211,6890.792968040549,6878.292985263281,6865.793000441745,6853.2930138033435,6840.793025551975,6828.293035870266,6815.793044921611,6803.293052852031,6790.793059791875,6778.29306585737,6765.793071152029,6753.293075767938,6740.793079786914,6728.293083281569,6715.793086316264,6703.293088947976,6690.793091227085,6678.293093198078,6665.793094900191,6653.293096367982,6640.79309763185,6628.2930987185,6615.793099651358,6603.293100450947,6590.793101135223,6578.29310171987,6565.793102218571,6553.293102643247,6540.793103004263,6528.293103310623,6515.793103570134,6503.293103789556,6490.793103974731,6478.293104130702,6465.793104261813,6453.293104371801,6440.793104463875,6428.293104540786,6415.793104604886,6403.293104658187,6390.793104702401,6378.293104738987,6365.793104769182,6353.293104794035,6340.793104814434,6328.293104831128,6315.793104844748,6303.293104855824,6290.793104864801,6278.293104872048,6265.793104877878,6253.2931048825485,6240.793104886273,6228.293104889228,6215.79310489156,6203.293104893391,6190.7931048948185,6178.2931048959235,6165.793104896773,6153.293104897419,6140.793104897904,6128.2931048982655,6115.793104898529,6103.2931048987175,6090.7931048988485,6078.293104898936,6065.793104898992,6053.293104899024,6040.7931048990395,6028.293104899042,6015.793104898998,6003.293104898867,5990.793104898588,5978.29310489803,5965.793104897013,5953.293104895236,5940.793104892215,5928.293104887202,5915.793104879027,5903.293104865885,5890.793104845018,5878.293104812226,5865.793104761167,5853.293104682309,5840.79310456141,5828.293104377301,5815.793104098668,5803.293103679414,5790.793103052,5778.293102117908,5765.793100734066,5753.293098693591,5740.793095698591,5728.293091321914,5715.793084953571,5703.293075726031,5690.793062410469,5678.293043273309,5665.793015878709,5653.292976817794,5640.792921339082,5628.292842846311,5615.792732219096,5603.292576898119,5590.792359658864,5578.292056975605,5565.791636849035,5553.291055935749,5540.790255773891,5528.289157845429,5515.787657149765,5503.285613883965,5490.782842730006,5478.279099137241,5465.774061857372,5453.267310838559,5440.758299414595,5428.246319535223,5415.730458576998,5403.209546054992,5390.682088330996,5378.146189193837,5365.59945398572,5353.0388747833385,5340.460694036682,5327.860244049858,5315.231759789735,5302.568162767029,5289.860814191531,5277.099236301043,5264.270801744213,5251.3603921986605,5238.350029056895,5225.218481029189,5211.940855890719,5198.488186309527,5184.827022669058,5170.919048942272,5156.720740838164,5142.183088434854,5127.251408100106,5111.865270404778,5095.958571652694,5079.45977626521,5062.292355263922,5044.37544222394,5025.624722128701,5005.953560460735,4985.274369671042,4963.500198119867,4940.5465131099845,4916.333135385663,4890.786268290796,4863.840551681058,4835.441059791113,4805.545154724292,4774.124104143204,4741.164373994339,4706.6685152908585,4670.65557828262,4633.161007436287,4594.235995657482,4553.946304694742,4512.370588779069,4469.598288035122,4425.727184655643,4380.860735938093,4335.105312043819,4288.56747132079,4241.351401555605,4193.556641795926,4145.276177524005,4096.594973900537,4047.5889801001276,3998.324605339208,3948.8586369856303,3899.2385457433165,3849.503104308073,3799.6832352346564,3749.803001245514,3699.880656148276,3649.9296854631402,3599.959780845483,3549.9777092790528,3499.988054770936,3449.993825218218,3399.9969290803538,3349.9985349138424,3299.999331695937,3249.9997096122643,3199.9998803201356,3149.9999534452318,3099.999983005189,3049.9999942171676,2999.9999981806113,2949.9999994759146,2899.9999998634557,2849.9999999683187,2799.9999999935862,2749.999999998898,2699.999999999846,2649.9999999999836,2599.999999999999,2550.0,2500.0,2450.0,2400.0,2350.0,2300.0,2250.0,2200.0,2150.0,2100.0,2050.0,2000.0,1950.0,1900.0,1850.0,1800.0,1750.0,1700.0,1650.0,1600.0,1550.0,1500.0,1450.0,1400.0,1350.0,1300.0,1250.0,1200.0,1150.0,1100.0,1050.0,1000.0,950.0,900.0,850.0,800.0,750.0,700.0,650.0,600.0,550.0,500.0,450.0,400.0,350.0,300.0,250.0,200.0,150.0,100.0,50.0,0.0
51,9780.799372298514,9773.802587774024,9766.731575610962,9759.586413945606,9752.367197727106,9745.074038725674,9737.707065529383,9730.26642352951,9722.75227489433,9715.164798531323,9707.50419003776,9699.770661639615,9691.964442118826,9684.08577672886,9676.13492709863,9668.112171124763,9660.017802852279,9651.852132343714,9643.615485536775,9635.308204090581,9626.93064522061,9618.48318152244,9609.966200784425,9601.380105789416,9592.725314105699,9584.0022578673,9575.211383543838,9566.35315170012,9557.428036745661,9548.436526674368,9539.379122794599,9530.256339449847,9521.068703730301,9511.81675517554,9502.501045468638,9493.122138121986,9483.680608155097,9474.177041764728,9464.61203598763,9454.986198356248,9445.300146547721,9435.554508026513,9425.749919681048,9415.8870274547,9405.966485971505,9395.988958156982,9385.955114854445,9375.865634437178,9365.721202416895,9355.522511048863,9345.270258934095,9334.965150619028,9324.607896193073,9314.199210884484,9303.739814654913,9293.230431793112,9282.671790508159,9272.064622522643,9261.409662666205,9250.707648469866,9239.959319761532,9229.165418263097,9218.326687189536,9207.443870850384,9196.517714254021,9185.548962715113,9174.538361465624,9163.486655269766,9152.394588043244,9141.262902477178,9130.09233966704,9118.883638746967,9107.637536529772,9096.354767152981,9085.036061731227,9073.682148015288,9062.293750058081,9050.871587887874,9039.416377189018,9027.92882899043,9016.409649362093,9004.859539119783,8993.279193538294,8981.669302073298,8970.0305480921,8958.363608613421,8946.669154056406,8934.94784799899,8923.200346945769,8911.427300105486,8899.629349178273,8887.807128152688,8875.961263112687,8864.092372054549,8852.201064713829,8840.28794240236,8828.35359785534,8816.3986150885,8804.423569265344,8792.429026574446,8780.415544116768,8768.383669802946,8756.33394226049,8744.266890750801,8732.183035095957,8720.082885615122,8707.9669430705,8695.83569862269,8683.689633795319,8671.529220448794,8659.354920763028,8647.16718722896,8634.966462648714,8622.753180144175,8610.527763173824,8598.29062555761,8586.042171509644,8573.78279567851,8561.512883194962,8549.232809726775,8536.942941540507,8524.64363556995,8512.335239490996,8500.018091802693,8487.692521914214,8475.358850237499,8463.017388285301,8450.668438774383,8438.312295733573,8425.94924461647,8413.579562418463,8401.203517797869,8388.821371200867,8376.433374990009,8364.039773576005,8351.640803552567,8339.236693834015,8326.827665795407,8314.413933414944,8301.99570341839,8289.573175425276,8277.14654209663,8264.715989284025,8252.281696179676,8239.8438354674,8227.40257347419,8214.9580703222,8202.510480080939,8190.059950919459,8177.606625258353,8165.150639921364,8152.69212628643,8140.2312104359935,8127.768013306399,8115.30265083622,8102.83523411337,8090.365869520837,8077.894658880922,8065.421699597831,8052.947084798514,8040.470903471619,8027.993240604471,8015.514177317952,8003.03379099921,7990.5521554321,7978.069340925272,7965.585414437846,7953.100439702604,7940.614477346632,7928.127585009377,7915.639817458056,7903.151226700396,7890.6618620946565,7878.171770456913,7865.680996165593,7853.18958126323,7840.69756555544,7828.204986707108,7815.711880335801,7803.218280102382,7790.724217798877,7778.229723433574,7765.73482531339,7753.2395501235305,7740.743923004462,7728.247967626227,7715.75170626014,7703.255159847902,7690.758348068165,7678.261289400595,7665.76400118748,7653.266499692921,7640.768800159663,7628.270916863616,7615.772863166105,7603.2746515639255,7590.776293737236,7578.2778005953605,7565.7791823205425,7553.280448409725,7540.781607714396,7528.282668478566,7515.78363837494,7503.2845245393355,7490.785333603406,7478.286071725723,7465.786744621288,7453.287357589518,7440.7879155407645,7428.288423021424,7415.788884237694,7403.28930307803,7390.7896831343505,7378.290027722053,7365.790339898885,7353.290622482713,7340.790878068265,7328.291109042855,7315.791317601175,7303.291505759172,7290.791675367062,7278.291828121541,7265.791965577198,7253.292089157209,7240.792200163317,7228.292299785166,7215.792389108997,7203.292469125763,7190.7925407386765,7178.2926047702385,7165.7926619687705,7153.292713014479,7140.792758525082,7128.292799061027,7115.792835130317,7103.292867192984,7090.79289566521,7078.29292092315,7065.792943306436,7053.292963121432,7040.792980644203,7028.2929961232685,7015.793009782115,7003.293021821517,6990.793032421648,6978.293041744029,6965.793049933304,6953.293057118863,6940.79306341632,6928.293068928873,6915.7930737485285,6903.293077957224,6890.793081627848,6878.293084825161,6865.793087606637,6853.293090023221,6840.79309212002,6828.293093936919,6815.7930955091415,6803.29309686776,6790.793098040149,6778.29309905039,6765.793099919646,6753.293100666487,6740.793101307186,6728.293101855987,6715.793102325335,6703.293102726095,6690.793103067733,6678.293103358486,6665.793103605515,6653.293103815031,6640.793103992416,6628.2931041423235,6615.793104268775,6603.293104375236,6590.793104464692,6578.293104539707,6565.793104602482,6553.293104654903,6540.79310469858,6528.293104734888,6515.793104765001,6503.293104789913,6490.793104810471,6478.293104827391,6465.793104841278,6453.293104852644,6440.7931048619175,6428.293104869459,6415.793104875573,6403.293104880511,6390.793104884484,6378.293104887669,6365.79310489021,6353.293104892228,6340.793104893823,6328.293104895075,6315.793104896054,6303.293104896812,6290.793104897395,6278.29310489784,6265.793104898175,6253.293104898426,6240.793104898608,6228.29310489874,6215.793104898833,6203.293104898896,6190.793104898936,6178.293104898959,6165.793104898971,6153.293104898975,6140.793104898958,6128.29310489889,6115.793104898742,6103.293104898442,6090.793104897886,6078.293104896905,6065.793104895221,6053.293104892413,6040.793104887814,6028.293104880391,6015.793104868568,6003.293104849934,5990.793104820841,5978.2931047757975,5965.793104706577,5953.293104600927,5940.793104440687,5928.293104199065,5915.7931038367215,5903.293103296142,5890.793102493618,5878.293101307821,5865.793099563643,5853.2930970093785,5840.793093284691,5828.293087875792,5815.793080052992,5803.293068784071,5790.79305261457,5778.293029503109,5765.792996595749,5753.292949918189,5740.792883957669,5728.292791097544,5715.7926608560065,5703.292478865703,5690.792225512309,5678.2918741265,5665.791388594136,5653.290720212668,5640.7898035763,5628.288551216851,5615.786846659812,5603.284535474195,5590.781413798624,5578.277213713283,5565.77158469656,5553.26407025588,5540.754078654389,5528.2408464702185,5515.723393525843,5503.2004675164635,5490.670476455929,5478.131406856866,5465.580725382736,5453.015261571635,5440.43106915755,5427.823263531762,5415.185833026841,5402.511422003823,5389.791084217912,5377.014005668794,5364.167197146056,5351.23515799107,5338.199514237927,5325.038636277195,5311.727243497495,5298.2360059658,5284.531156040883,5270.574125772238,5256.321228875418,5241.723408808563,5226.726076778963,5211.269065123071,5195.2867221460365,5178.708173887296,5161.457776121897,5143.455775978584,5124.619196693246,5104.862951162551,5084.101180196401,5062.248799932068,5039.223230193094,5014.946262266321,4989.346011422658,4962.3588874596535,4933.93150662851,4904.022461575962,4872.603863360811,4839.662571997331,4805.201039851458,4769.237705708576,4731.8068961262925,4692.958213969964,4652.755420503641,4611.274845349801,4568.603386004859,4524.836183230649,4480.074078426175,4434.420972196707,4387.9812084553205,4340.857104866822,4293.146738412854,4244.942075270103,4196.32750874428,4147.378839964555,4098.162706028571,4048.736431957014,3999.148258574819,3949.4378801640073,3899.637214584698,3849.7713248613227,3799.859414487989,3749.915827730464,3699.9509993126526,3649.972313162165,3599.9848454788475,3549.9919816786423,3499.9959085863493,3449.9979919544803,3399.999054828607,3349.999574743372,3299.9998177908064,3249.9999259693486,3199.999971618561,3149.9999897918906,3099.999996578593,3049.9999989400176,2999.9999996994234,2949.999999922932,2899.999999982408,2849.9999999964975,2799.999999999409,2749.999999999919,2699.999999999992,2649.9999999999995,2600.0,2550.0,2500.0,2450.0,2400.0,2350.0,2300.0,2250.0,2200.0,2150.0,2100.0,2050.0,2000.0,1950.0,1900.0,1850.0,1800.0,1750.0,1700.0,1650.0,1600.0,1550.0,1500.0,1450.0,1400.0,1350.0,1300.0,1250.0,1200.0,1150.0,1100.0,1050.0,1000.0,950.0,900.0,850.0,800.0,750.0,700.0,650.0,600.0,550.0,500.0,450.0,400.0,350.0,300.0,250.0,200.0,150.0,100.0,50.0,0.0
52,9904.330900380604,9896.611824003558,9888.820740491625,9880.957887885628,9873.023520125464,9865.017906947662,9856.941333771916,9848.794101576626,9840.576526763547,9832.288941011573,9823.931691119775,9815.505138839791,9807.009660697677,9798.445647805323,9789.813505661623,9781.113653943496,9772.346526286965,9763.512570058436,9754.612246116398,9745.646028563711,9736.614404490723,9727.517873709421,9718.356948478866,9709.132153222137,9699.844024235073,9690.493109387047,9681.079967814072,9671.60516960451,9662.069295477715,9652.472936455864,9642.816693529337,9633.101177315948,9623.327007714352,9613.494813551997,9603.605232227927,9593.65890935081,9583.656498372555,9573.59866021787,9563.486062910117,9553.319381193878,9543.099296154562,9532.826494835455,9522.50166985261,9512.125519007934,9501.698744900868,9491.22205453908,9480.696158948484,9470.121772783074,9459.499613934871,9448.830403144428,9438.114863612243,9427.353720611489,9416.547701102425,9405.697533348863,9394.803946537078,9383.86767039752,9372.88943482967,9361.869969530451,9350.810003626479,9339.710265310547,9328.571481482659,9317.394377395944,9306.179676307767,9294.928099136365,9283.640364123292,9272.317186501978,9260.959278172684,9249.567347384118,9238.142098421993,9226.684231304751,9215.194441486718,9203.673419568911,9192.121851017706,9180.540415891563,9168.929788576044,9157.29063752724,9145.62362502381,9133.929406927804,9122.208632454336,9110.461943950326,9098.689976682352,9086.893358633748,9075.07271031102,9063.228644559655,9051.361766389384,9039.472672808935,9027.561952670329,9015.6301865227,9003.677946475691,8991.70579607238,8979.714290171725,8967.703974840508,8955.675387254709,8943.629055610281,8931.56549904322,8919.485227558871,8907.388741970373,8895.276533846138,8883.149085466226,8871.006869787536,8858.850350417622,8846.67998159703,8834.49620818998,8822.299465683222,8810.090180192918,8797.868768479339,8785.63563796921,8773.39118678549,8761.135803784398,8748.869868599466,8736.593751692402,8724.307814410562,8712.012409050767,8699.707878929277,8687.394558457661,8675.072773224332,8662.742840081519,8650.405067237409,8638.059754353237,8625.707192645066,8613.347664990017,8600.98144603669,8588.608802319544,8576.229992376973,8563.845266872835,8551.454868721206,8539.059033214084,8526.657988151828,8514.25195397608,8501.841143904925,8489.425764070087,8477.00601365589,8464.58208503978,8452.1541639342,8439.722429529555,8427.28705463811,8414.848205838563,8402.406043621137,8389.960722532936,8377.512391323442,8365.061193089905,8352.60726542249,8340.150740548985,8327.691745478907,8315.230402146852,8302.766827554926,8290.301133914118,8277.83342878447,8265.363815213916,8252.892391875645,8240.419253203898,8227.94448952806,8215.468187204955,8202.990428749239,8190.511292961796,8178.030855056066,8165.549186782202,8153.06635654901,8140.582429543585,8128.097467848593,8115.611530557146,8103.124673885221,8090.636951281584,8078.14841353518,8065.659108879967,8053.169083097155,8040.678379614856,8028.187039605105,8015.695102078269,8003.2026039748125,7990.709580254452,7978.21606398268,7965.722086414682,7953.227677076657,7940.732863844552,7928.237673020254,7915.742129405234,7903.246256371693,7890.750075931236,7878.253608801108,7865.756874468023,7853.259891249628,7840.762676353654,7828.265245934779,7815.767615149258,7803.269798207371,7790.771808423729,7778.273658265488,7765.7753593985235,7753.276922731627,7740.778358458754,7728.279676099402,7715.780884537151,7703.2819920564325,7690.78300637758,7678.283934690208,7665.784783684983,7653.28555958383,7640.786268168639,7628.286914808518,7615.787504485643,7603.288041819762,7590.788531091408,7578.288976263861,7565.78938100391,7553.289748701486,7540.790082488174,7528.290385254692,7515.79065966735,7503.290908183564,7490.791133066439,7478.291336398485,7465.7915200945,7453.291685913661,7440.791835470858,7428.291970247318,7415.792091600546,7403.292200773622,7390.792298903893,7378.292387031085,7365.7924661048655,7353.292536991902,7340.792600482425,7328.292657296337,7315.792708088895,7303.292753455975,7290.792793938972,7278.292830029328,7265.792862172733,7253.29289077301,7240.792916195704,7228.292938771395,7215.792958798762,7203.292976547399,7190.792992260408,7178.293006156789,7165.793018433631,7153.2930292681285,7140.793038819427,7128.293047230316,7115.7930546287735,7103.293061129385,7090.793066834637,7078.293071836095,7065.793076215478,7053.29308004564,7040.793083391454,7028.293086310631,7015.793088854443,7003.2930910683945,6990.793092992824,6978.293094663446,6965.793096111846,6953.293097365922,6940.793098450287,6928.2930993866285,6915.793100194029,6903.293100889263,6890.793101487054,6878.293102000309,6865.793102440327,6853.293102816987,6840.7931031389135,6828.293103413627,6815.793103647676,6803.293103846752,6790.793104015798,6778.293104159099,6765.793104280361,6753.293104382792,6740.793104469157,6728.293104541837,6715.793104602883,6703.293104654057,6690.793104696866,6678.293104732603,6665.793104762371,6653.293104787111,6640.793104807625,6628.293104824595,6615.793104838596,6603.293104850119,6590.7931048595765,6578.293104867317,6565.793104873633,6553.2931048787705,6540.793104882936,6528.293104886301,6515.7931048890105,6503.293104891182,6490.793104892917,6478.293104894295,6465.793104895384,6453.293104896241,6440.793104896911,6428.2931048974315,6415.793104897833,6403.293104898139,6390.79310489837,6378.293104898543,6365.79310489867,6353.293104898762,6340.793104898827,6328.293104898871,6315.7931048989,6303.293104898918,6290.793104898927,6278.29310489893,6265.793104898926,6253.293104898892,6240.793104898814,6228.293104898653,6215.793104898348,6203.293104897806,6190.793104896871,6178.2931048953005,6165.793104892715,6153.293104888524,6140.793104881827,6128.293104871242,6115.793104854669,6103.293104828947,6090.793104789327,6078.293104728719,6065.7931046365975,6053.293104497397,6040.793104288216,6028.293103975506,6015.793103510324,6003.293102821583,5990.793101806443,5978.293100316743,5965.793098139868,5953.293094971914,5940.793090380184,5928.29308375099,5915.793074217289,5903.293060558787,5890.793041064582,5878.293013345094,5865.792974075616,5853.292918648123,5840.7928407004965,5828.292731482804,5815.792579007939,5803.292366918334,5790.792072980661,5778.291667095618,5765.791108678926,5753.290343231352,5740.789297868568,5728.287875524467,5715.785947472634,5703.283343728417,5690.779840797022,5678.2751461198495,5665.768878441075,5653.260543168865,5640.74950164117,5628.2349330264615,5615.715787398534,5603.190728326849,5590.658063127856,5578.115658739249,5565.560841022568,5552.990275188269,5540.399824993801,5527.784388415967,5515.137707674385,5502.452151817008,5489.718470607174,5476.925519210525,5464.059954203138,5451.105902737481,5438.044608328907,5424.854058666744,5411.508603095561,5397.978569913927,5384.229896330358,5370.223786694917,5355.916417348952,5341.258708925665,5326.196188975913,5310.668969143262,5294.611861507562,5277.954657892053,5260.622593638069,5242.537013388843,5223.6162506557885,5203.776725332993,5182.93425397274,5161.005556782929,5137.909933369456,5113.571066806842,5087.91890342059,5060.891544574859,5032.437077727061,5002.515267994468,4971.099029360426,4938.175597144891,4903.74733092897,4867.832089860609,4830.463139869761,4791.688574030946,4751.5702519356,4710.182289901237,4667.609159298831,4623.943473247862,4579.283560490865,4533.730937751081,4487.387797075988,4440.354621955268,4392.728035455216,4344.59896604361,4296.051193674365,4247.160312078628,4197.993115412975,4148.607390861396,4099.052075694222,4049.3677194314305,3999.5871802880424,3949.7364804120775,3899.835746239457,3849.9001676175917,3799.9409207471945,3749.966013763925,3699.9810282151966,3649.9897432682283,3599.9946410576085,3549.9973004365743,3499.9986922867993,3449.9993926191178,3399.9997304096287,3349.999886075885,3299.999954360964,3249.999982752579,3199.9999938865967,3149.999997981303,3099.9999993840124,3049.9999998280073,2999.9999999565907,2949.9999999902493,2899.99999999809,2849.999999999683,2799.9999999999573,2749.999999999996,2700.0,2650.0,2600.0,2550.0,2500.0,2450.0,2400.0,2350.0,2300.0,2250.0,2200.0,2150.0,2100.0,2050.0,2000.0,1950.0,1900.0,1850.0,1800.0,1750.0,1700.0,1650.0,1600.0,1550.0,1500.0,1450.0,1400.0,1350.0,1300.0,1250.0,1200.0,1150.0,1100.0,1050.0,1000.0,950.0,900.0,850.0,800.0,750.0,700.0,650.0,600.0,550.0,500.0,450.0,400.0,350.0,300.0,250.0,200.0,150.0,100.0,50.0,0.0
53,10020.955791109212,10012.549565232062,10004.074990203222,9995.532446016286,9986.922326670821,9978.245039973393,9969.501007329112,9960.690663523834,9951.814456497199,9942.872847106712,9933.866308883038,9924.795327776732,9915.660401896626,9906.462041240104,9897.20076741549,9887.877113356823,9878.49162303125,9869.04485113934,9859.537362808556,9849.969733280204,9840.342547590148,9830.65640024356,9820.911894884082,9811.10964395763,9801.250268371246,9791.33439714727,9781.36266707318,9771.335722347474,9761.25421422189,9751.118800640337,9740.930145874894,9730.68892015922,9720.395799319762,9710.051464405067,9699.656601313638,9689.211900420618,9678.718056203737,9668.175766868833,9657.585733975357,9646.948662062186,9636.265258274145,9625.536231989554,9614.762294449214,9603.944158387134,9593.082537663386,9582.17814689942,9571.23170111619,9560.243915375426,9549.215504424375,9538.14718234437,9527.039662203495,9515.893655713719,9504.70987289275,9493.489021730958,9482.23180786361,9470.938934248732,9459.61110085085,9448.249004330895,9436.853337742496,9425.424790234934,9413.964046762963,9402.471787803743,9390.948689081073,9379.395421297151,9367.812649872023,9356.201034690917,9344.56122985961,9332.893883467996,9321.199637361995,9309.47912692391,9297.732980861376,9285.961821004983,9274.16626211468,9262.346911695027,9250.504369819359,9238.639228962928,9226.752073845051,9214.8434812803,9202.914020038741,9190.964250715231,9178.994725607774,9167.005988604888,9154.998575081983,9142.973011806685,9130.929816853051,9118.869499524619,9106.792560286205,9094.699490704372,9082.590773396447,9070.46688198801,9058.328281078708,9046.175426216285,9034.008763878683,9021.82873146406,9009.635757288597,8997.4302605919,8985.212651549848,8972.983331294703,8960.74269194231,8948.491116626174,8936.228979538235,8923.956645976146,8911.674472396831,8899.38280647612,8887.081987174253,8874.772344807021,8862.454201122333,8850.127869381982,8837.79365444838,8825.451852876036,8813.102753007552,8800.746635073883,8788.383771298675,8776.014426006386,8763.638855734023,8751.25730934621,8738.870028153398,8726.477246032953,8714.079189552922,8701.676078098239,8689.268123999153,8676.855532661648,8664.438502699659,8652.017226068847,8639.591888201738,8627.16266814402,8614.729738691789,8602.293266529563,8589.853412368839,8577.41033108705,8564.964171866714,8552.515078334583,8540.063188700673,8527.608635896948,8515.151547715548,8502.692046946375,8490.230251513909,8477.766274613106,8465.300224844235,8452.832206346546,8440.362318930618,8427.890658209299,8415.41731572711,8402.942379088021,8390.465932081484,8377.988054806658,8365.508823794718,8353.02831212919,8340.546589564221,8328.063722640729,8315.579774800377,8303.094806497302,8290.608875307562,8278.122036036264,8265.634340822317,8253.14583924079,8240.656578402853,8228.16660305328,8215.675955665467,8203.184676534009,8190.69280386477,8178.200373862497,8165.707420815932,8153.21397718046,8140.720073658292,8128.225739276196,8115.731001460789,8103.23588611142,8090.740417670659,8078.244619192419,8065.748512407748,8053.252117788311,8040.755454607603,8028.25854099993,8015.761394017194,8003.264029683521,7990.766463047775,7978.268708234005,7965.7707784898685,7953.272686233064,7940.7744430958455,7928.276059967648,7915.777547035869,7903.278913824879,7890.7801692332805,7878.281321569492,7865.782378585688,7853.283347510154,7840.784235078113,7828.285047561056,7815.7857907946445,7803.286470205227,7790.787090835012,7778.287657365965,7765.788174142453,7753.288645192702,7740.7890742491145,7728.289464767479,7715.789819945128,7703.290142738085,7690.790435877245,7678.290701883632,7665.790943082768,7653.291161618201,7640.791359464232,7628.29153843787,7615.7917002100585,7603.29184631621,7590.791978166083,7578.2920970530295,7565.792204162651,7553.292300580891,7540.792387301601,7528.292465233593,7515.79253520723,7503.292597980553,7490.792654244999,7478.292704630707,7465.792749711463,7453.292790009283,7440.792825998662,7428.292858110524,7415.792886735868,7403.292912229148,7390.792934911398,7378.292955073111,7365.792972976905,7353.292988859968,7340.793002936327,7328.293015398917,7315.7930264214965,7303.293036160397,7290.793044756133,7278.2930523348805,7265.793059009821,7253.29306488238,7240.793070043352,7228.293074573931,7215.793078546653,7203.293082026246,7190.79308507041,7178.293087730523,7165.793090052288,7153.293092076309,7140.7930938386235,7128.293095371177,7115.793096702257,7103.293097856881,7090.793098857152,7078.293099722569,7065.793100470319,7053.293101115526,7040.79310167149,7028.293102149886,7015.793102560952,7003.293102913655,6990.793103215836,6978.293103474343,6965.793103695153,6953.2931038834695,6940.793104043818,6928.293104180132,6915.793104295823,6903.293104393844,6890.793104476752,6878.293104546751,6865.793104605746,6853.293104655372,6840.79310469704,6828.293104731956,6815.7931047611555,6803.2931047855245,6790.793104805818,6778.29310482268,6765.793104836659,6753.2931048482205,6740.793104857759,6728.293104865609,6715.793104872052,6703.293104877324,6690.793104881627,6678.293104885128,6665.793104887966,6653.293104890261,6640.793104892109,6628.293104893592,6615.793104894776,6603.293104895716,6590.793104896461,6578.293104897048,6565.793104897506,6553.293104897863,6540.793104898138,6528.293104898349,6515.793104898509,6503.293104898629,6490.7931048987175,6478.293104898781,6465.793104898827,6453.293104898858,6440.793104898878,6428.293104898891,6415.793104898898,6403.293104898901,6390.793104898901,6378.293104898886,6365.793104898845,6353.293104898759,6340.793104898593,6328.293104898294,6315.793104897774,6303.293104896896,6290.793104895443,6278.29310489308,6265.793104889289,6253.293104883277,6240.793104873839,6228.2931048591545,6215.793104836483,6203.293104801724,6190.79310474878,6178.293104668613,6165.793104547898,6153.293104367077,6140.793104097556,6128.293103697717,6115.793103107217,6103.2931022389275,6090.793100967531,6078.29309911348,6065.793096420516,6053.293092524289,6040.79308690871,6028.293078845507,6015.793067310829,6003.293050870668,5990.793027524046,5978.292994489305,5965.7929479140275,5953.2928824829605,5940.792790890305,5928.292663132486,5915.792485564476,5903.292239646149,5890.791900284359,5878.291433650385,5865.790794320111,5853.289921544603,5840.78873441028,5828.287125589208,5815.784953309848,5803.282031095228,5790.778114717823,5778.272885707228,5765.765930617434,5753.256715115017,5740.744551788959,5728.228560409052,5715.707619176934,5703.180305327407,5690.64482325628,5678.098918185711,5665.539773243566,5652.963887747883,5640.366934473198,5627.743593758127,5615.087362522452,5602.390336628938,5589.64296558349,5576.833779349972,5563.949088092771,5550.972656975016,5537.885359746894,5524.664816756307,5511.285025183706,5497.715991700668,5483.923380305775,5469.8681906976235,5455.506485064889,5440.78918343486,5425.661949520769,5410.065190115873,5393.934191255833,5377.199413368404,5359.786965229246,5341.619272566439,5322.615951494808,5302.6948896007725,5281.773528545756,5259.770331758518,5236.606409544296,5212.207262305664,5186.504591241872,5159.438115676902,5130.957327933214,5101.02311129157,5069.609144856078,5036.70302171769,5002.307014074953,4966.438431005015,4929.12953108106,4890.42697230151,4850.39080473326,4809.093035435573,4766.6158189355465,4723.049347969856,4678.48953664088,4633.035600033898,4586.787639576931,4539.844341402781,4492.3008857295745,4444.247149503881,4395.766263552545,4346.93356106148,4297.815928448594,4248.47154481856,4198.949974224143,4149.29255758689,4099.533039479559,4049.6983595276874,3999.809538767332,3949.882597122586,3899.929448005715,3849.9587283938386,3799.9765360404826,3749.9870583170405,3699.993088418885,3649.9964335695413,3599.998226081474,3549.9991517263734,3499.9996111659475,3449.999829712777,3399.999929015925,3349.9999719559646,3299.999989550965,3249.999996349351,3199.9999988121053,3149.999999642908,3099.9999999018028,3049.999999975598,2999.999999994605,2949.9999999989604,2899.9999999998304,2849.9999999999777,2799.999999999998,2750.0,2700.0,2650.0,2600.0,2550.0,2500.0,2450.0,2400.0,2350.0,2300.0,2250.0,2200.0,2150.0,2100.0,2050.0,2000.0,1950.0,1900.0,1850.0,1800.0,1750.0,1700.0,1650.0,1600.0,1550.0,1500.0,1450.0,1400.0,1350.0,1300.0,1250.0,1200.0,1150.0,1100.0,1050.0,1000.0,950.0,900.0,850.0,800.0,750.0,700.0,650.0,600.0,550.0,500.0,450.0,400.0,350.0,300.0,250.0,200.0,150.0,100.0,50.0,0.0
54,10131.134631977835,10122.08852828292,10112.978921402886,10103.806307556952,10094.571194322076,10085.274100360819,10075.915555142119,10066.496098655261,10057.016281117269,10047.476662673997,10037.877813095214,10028.220311463934,10018.504745860302,10008.731713040324,9998.90181810975,9989.015674193408,9979.073902100316,9969.07712998487,9959.02599300446,9948.921132973823,9938.763198016451,9928.552842213438,9918.290725250032,9907.977512060299,9897.613872470194,9887.200480839407,9876.738015702322,9866.227159408416,9855.668597762473,9845.06301966493,9834.411116752712,9823.713583040877,9812.971114565446,9802.18440902771,9791.354165440385,9780.481083775914,9769.565864617267,9758.609208811538,9747.61181712667,9736.574389911611,9725.49762676022,9714.382226179183,9703.22888526029,9692.038299357308,9680.811161767744,9669.548163419779,9658.24999256462,9646.91733447453,9635.55087114677,9624.151281013703,9612.719238659281,9601.255414542122,9589.760474725386,9578.235080613655,9566.679888696992,9555.095550302354,9543.48271135252,9531.8420121327,9520.174087064946,9508.479564490503,9496.759066460228,9485.01320853317,9473.242599583404,9461.447841615209,9449.629529586673,9437.788251241758,9425.924586950885,9414.039109560095,9402.132384248775,9390.204968395981,9378.25741145538,9366.290254838757,9354.304031808098,9342.299267376218,9330.27647821587,9318.236172577308,9306.178850214224,9294.105002317994,9282.015111460134,9269.909651542901,9257.789087757916,9245.653876552697,9233.504465604998,9221.341293804811,9209.164791243895,9196.975379212703,9184.773470204535,9172.559467926774,9160.333767319033,9148.096754578035,9135.848807189072,9123.590293963825,9111.321575084396,9099.043002153321,9086.7549182494,9074.457657989124,9062.151547593487,9049.836904960019,9037.514039739764,9025.183253419053,9012.84483940581,9000.499083120218,8988.146262089482,8975.786646046521,8963.420497032328,8951.048069501807,8938.66961043286,8926.285359438512,8913.89554888186,8901.500403993618,8889.100142992069,8876.694977205201,8864.285111194815,8851.870742882416,8839.452063676683,8827.029258602292,8814.602506429947,8802.17197980739,8789.73784539122,8777.300263979329,8764.859390643793,8752.415374864031,8739.968360660072,8727.518486725763,8715.065886561766,8702.610688608183,8690.153016376671,8677.692988581905,8665.230719272244,8652.766317959487,8640.299889747574,8627.831535460127,8615.361351766733,8602.88943130782,8590.415862818072,8577.94073124826,8565.464117885409,8552.98610047122,8540.506753318663,8528.026147426675,8515.544350592903,8503.061427524413,8490.577439946335,8478.09244670837,8465.606503889134,8453.119664898297,8440.631980576472,8428.143499292837,8415.65426704046,8403.164327529317,8390.673722276977,8378.182490696941,8365.690670184651,8353.198296201139,8340.70540235434,8328.212020478068,8315.718180708647,8303.223911559244,8290.729239991886,8278.234191487205,8265.73879011192,8253.243058584078,8240.747018336093,8228.250689575607,8215.754091344197,8203.257241573974,8190.7601571421055,8178.262853923293,8165.765346840252,8153.2676499122335,8140.76977630162,8128.271738358654,8115.773547664326,8103.2752150714805,8090.7767507441795,8078.278164195363,8065.779464322873,8053.280659443857,8040.781757327633,8028.28276522703,8015.783689908272,8003.284537679452,7990.785314417628,7978.2860255946,7965.786676301413,7953.287271271626,7940.787814903397,7928.288311280423,7915.7887641917905,7903.289177150761,7890.789553412552,7878.289895991143,7865.790207675157,7853.290491042845,7840.790748476222,7828.2909821743915,7815.791194166089,7803.29138632149,7790.791560363307,7778.29171787722,7765.791860321662,7753.2919890369985,7740.792105254135,7728.292210102572,7715.792304617943,7703.292389749062,7690.792466364506,7678.292535258762,7665.792597157949,7653.292652725162,7640.792702565441,7628.292747230391,7615.792787222479,7603.292822999022,7590.792854975888,7578.292883530925,7565.792909007139,7553.292931715631,7540.792951938317,7528.292969930431,7515.79298592285,7503.293000124219,7490.793012722925,7478.2930238889,7465.79303377529,7453.293042519976,7440.7930502469835,7428.293057067763,7415.793063082367,7403.293068380528,7390.793073042642,7378.29307714067,7365.793080738952,7353.29308389496,7340.793086659975,7328.293089079708,7315.793091194858,7303.293093041628,7290.793094652181,7278.293096055062,7265.793097275579,7253.29309833614,7240.793099256568,7228.293100054374,7215.793100745013,7203.293101342107,7190.7931018576455,7178.293102302176,7165.793102684956,7153.29310301411,7140.7931032967535,7128.293103539112,7115.793103746626,7103.293103924042,7090.793104075496,7078.293104204588,7065.79310431445,7053.293104407795,7040.793104486977,7028.293104554034,7015.793104610723,7003.293104658567,6990.7931046988715,6978.293104732764,6965.793104761209,6953.293104785038,6940.7931048049595,6928.29310482158,6915.793104835418,6903.293104846913,6890.7931048564415,6878.293104864321,6865.7931048708215,6853.29310487617,6840.79310488056,6828.293104884153,6815.793104887085,6803.293104889472,6790.793104891407,6778.293104892971,6765.793104894232,6753.293104895243,6740.793104896052,6728.293104896695,6715.793104897204,6703.293104897605,6690.79310489792,6678.2931048981645,6665.793104898355,6653.293104898499,6640.79310489861,6628.293104898693,6615.793104898754,6603.293104898798,6590.79310489883,6578.293104898852,6565.793104898867,6553.293104898876,6540.79310489888,6528.293104898883,6515.793104898884,6503.293104898877,6490.793104898856,6478.293104898811,6465.793104898721,6453.2931048985565,6440.793104898268,6428.293104897777,6415.793104896961,6403.293104895629,6390.793104893484,6378.293104890072,6365.7931048846995,6353.2931048763185,6340.793104863348,6328.293104843419,6315.793104812999,6303.293104766844,6290.793104697207,6278.29310459269,6265.7931044366,6253.293104204587,6240.793103861275,6228.293103355472,6215.793102613387,6203.293101529058,6190.793099950898,6178.293097662869,6165.793094358207,6153.293089602934,6140.793082785352,6128.293073046415,6115.79305918412,6103.293039522732,6090.793011734635,6078.292972598603,6065.792917673161,6053.292840857017,6040.792733800006,6028.292585117053,6015.7923793438,6003.292095555115,5990.791705545755,5978.291171445361,5965.790442606363,5953.28945156234,5940.78810880457,5928.286296064536,5915.783857718791,5903.280589848375,5890.776226386901,5878.270421678572,5865.762728639322,5853.252571571416,5840.739212525399,5828.22170993578,5815.698868082602,5803.169175756151,5790.6307323353685,5778.081159343331,5765.517495430382,5752.936072675053,5740.332372106541,5727.700856465199,5715.034778457199,5702.3259631562705,5689.564563790089,5676.73879095124,5663.83461631899,5650.835453288008,5637.721818483244,5624.470979991471,5611.0566002360465,5597.448383715785,5583.611742247864,5569.507492795059,5555.091605284342,5540.31501987106,5525.123554677231,5509.457925919602,5493.2539023184345,5476.442614520995,5458.951037786158,5440.702662203912,5421.6183591785775,5401.6174457907155,5380.618940086623,5358.542990572474,5335.312452599193,5310.854573439868,5285.102737335439,5257.998212365215,5229.491833488559,5199.545551300215,5168.133774667216,5135.2444380428615,5100.879731229645,5065.056440741599,5027.805867408244,4989.173303811472,4949.217076541883,4908.007180782257,4865.623556831255,4822.154078226938,4777.692337518329,4732.335327066801,4686.1811174927225,4639.326634951548,4591.865630326165,4543.8869192495495,4495.472952769525,4446.69875603517,4397.631248517796,4348.328935974112,4298.841943499631,4249.212342180703,4199.474710137263,4149.656862687636,4099.780685895714,4049.863012263741,3999.91648576015,3949.950374397714,3899.971300789713,3849.9838731855875,3799.9912103306924,3749.9953623443444,3699.9976362698035,3649.998838970065,3599.9994518586564,3549.999751990939,3499.9998928159303,3449.9999559190833,3399.9999828222417,3349.9999936885188,3299.999997826072,3249.9999993027936,3199.999999793482,3149.9999999440556,3099.9999999863085,3049.9999999970196,2999.9999999994347,2949.999999999909,2899.999999999988,2849.999999999999,2800.0,2750.0,2700.0,2650.0,2600.0,2550.0,2500.0,2450.0,2400.0,2350.0,2300.0,2250.0,2200.0,2150.0,2100.0,2050.0,2000.0,1950.0,1900.0,1850.0,1800.0,1750.0,1700.0,1650.0,1600.0,1550.0,1500.0,1450.0,1400.0,1350.0,1300.0,1250.0,1200.0,1150.0,1100.0,1050.0,1000.0,950.0,900.0,850.0,800.0,750.0,700.0,650.0,600.0,550.0,500.0,450.0,400.0,350.0,300.0,250.0,200.0,150.0,100.0,50.0,0.0
55,10235.422574561253,10225.793024147735,10216.105702230496,10206.361190527556,10196.560078994831,10186.702965509721,10176.790455550565,10166.823161872264,10156.801704178375,10146.726708789973,10136.598808311612,10126.418641294686,10116.186851898507,10105.904089549414,10095.571008598266,10085.188267976582,10074.756530851722,10064.276464281373,10053.748738867696,10043.174028411458,10032.553009566458,10021.886361494571,10011.174765521742,10000.418904795237,9989.619463942463,9978.777128731692,9967.892585734955,9956.96652199346,9945.999624685792,9934.992580799219,9923.946076804386,9912.860798333664,9901.737429863466,9890.576654400773,9879.379153174148,9868.145605329506,9856.876687630865,9845.573074166346,9834.235436059644,9822.864441187201,9811.460753901309,9800.025034759323,9788.557940259216,9777.06012258165,9765.53222933875,9753.974903329747,9742.38878230365,9730.774498729106,9719.132679571589,9707.46394607802,9695.76891356899,9684.048191238642,9672.302381962336,9660.53208211219,9648.737881380544,9636.920362611454,9625.080101640224,9613.21766714106,9601.333620482848,9589.428515593108,9577.502898830095,9565.557308863086,9553.592276560828,9541.608324888119,9529.605968810502,9517.585715207028,9505.548062791044,9493.493502038928,9481.422515126722,9469.335575874582,9457.233149698937,9445.115693572292,9432.983655990536,9420.837476947681,9408.677587917882,9396.504411844613,9384.31836313688,9372.119847672311,9359.909262806998,9347.686997391898,9335.453431795673,9323.208937933781,9310.953879303646,9298.688611025738,9286.413479890387,9274.128824410129,9261.834974877418,9249.53225342749,9237.220974106207,9224.90144294267,9212.573958026403,9200.238809588913,9187.896280089413,9175.546644304535,9163.19016942177,9150.827115136508,9138.457733752399,9126.082270284885,9113.700962567676,9101.314041361968,9088.921730468208,9076.524246840207,9064.121800701398,9051.71459566305,9039.302828844242,9026.8866909934,9014.466366611237,9002.042034074873,8989.613865762985,8977.182028181804,8964.746682091774,8952.307982634728,8939.866079461384,8927.421116859048,8914.973233879311,8902.522564465646,8890.069237580723,8877.613377333317,8865.15510310466,8852.694529674141,8840.23176734418,8827.766922064196,8815.300095553543,8802.831385423297,8790.3608852968,8777.888684928868,8765.414870323557,8752.939523850408,8740.462724359091,8727.98454729238,8715.50506479736,8703.02434583483,8690.542456286841,8678.059459062288,8665.575414200533,8653.09037897301,8640.604407982742,8628.1175532618,8615.629864366592,8603.141388471027,8590.652170457484,8578.162253005603,8565.671676678856,8553.18048000891,8540.688699577773,8528.196370097714,8515.703524488963,8503.210193955198,8490.716408056835,8478.222194782114,8465.727580616018,8453.232590607025,8440.737248431733,8428.241576457354,8415.745595802135,8403.249326393698,8390.752787025369,8378.255995410493,8365.758968234783,8353.261721206736,8340.76426910616,8328.266625830835,8315.76880444136,8303.270817204222,8290.772675633114,8278.274390528573,8265.775972015957,8253.277429581809,8240.778772108648,8228.280007908248,8215.78114475343,8203.282189908405,8190.783150157746,8178.284031833998,8165.784840843977,8153.285582693823,8140.786262512818,8128.286885076036,8115.787454825859,8103.287975892395,8090.788452112852,8078.2888870498955,8065.789284009036,8053.289646055085,8040.789976027715,8028.290276556169,8015.790550073144,8003.290798827891,7990.791024898568,7978.291230203879,7965.791416514026,7953.291585461013,7940.791738548331,7928.291877160051,7915.792002569365,7903.292115946583,7890.792218366639,7878.292310816099,7865.792394199743,7853.29246934669,7840.792537016138,7828.2925979027095,7815.79265264144,7803.292701812426,7790.792745945146,7778.292785522488,7765.792820984485,7753.292852731787,7740.79288112888,7728.29290650707,7715.792929167251,7703.292949382458,7690.792967400233,7678.292983444811,7665.792997719136,7653.2930104067145,7640.793021673334,7628.293031668634,7615.793040527558,7603.293048371683,7590.793055310442,7578.293061442244,7565.793066855502,7553.293071629569,7540.7930758356,7528.293079537336,7515.793082791819,7503.293085650047,7490.793088157567,7478.293090355016,7465.793092278613,7453.293093960606,7440.793095429679,7428.293096711314,7415.793097828129,7403.293098800176,7390.793099645211,7378.293100378943,7365.79310101525,7353.293101566382,7340.793102043137,7328.293102455025,7315.7931028104085,7303.2931031166345,7290.793103380148,7278.293103606597,7265.793103800925,7253.293103967452,7240.793104109952,7228.293104231711,7215.793104335595,7203.293104424092,7190.793104499366,7178.29310456329,7165.79310461749,7153.2931046633685,7140.793104702137,7128.293104734841,7115.7931047623815,7103.293104785532,7090.793104804955,7078.2931048212195,7065.793104834814,7053.293104846152,7040.793104855591,7028.293104863429,7015.793104869926,7003.293104875297,6990.793104879728,6978.293104883373,6965.793104886366,6953.293104888815,6940.793104890814,6928.293104892441,6915.793104893761,6903.2931048948285,6890.793104895688,6878.293104896378,6865.79310489693,6853.29310489737,6840.793104897717,6828.293104897992,6815.793104898207,6803.2931048983755,6790.793104898506,6778.293104898606,6765.793104898682,6753.293104898739,6740.793104898781,6728.293104898812,6715.793104898834,6703.293104898849,6690.793104898859,6678.293104898867,6665.79310489887,6653.293104898872,6640.793104898873,6628.29310489887,6615.793104898859,6603.293104898836,6590.793104898787,6578.293104898697,6565.793104898537,6553.293104898264,6540.793104897806,6528.293104897055,6515.793104895841,6503.2931048939045,6490.793104890848,6478.293104886066,6465.793104878649,6453.293104867226,6440.793104849753,6428.293104823188,6415.793104783028,6403.2931047226375,6390.793104632275,6378.293104497705,6365.793104298204,6353.293104003718,6340.793103570836,6328.293102937086,6315.793102012896,6303.29310067032,6290.793098727254,6278.29309592545,6265.793091900001,6253.293086137133,6240.793077916061,6228.293066229187,6215.793049673022,6203.293026299629,6190.792993415138,6178.292947307544,6165.792882880452,6153.292793162301,6140.79266865144,6128.292496445864,6115.792259091722,6103.291933066391,6090.791486788981,6078.290878022848,6065.7900504999425,6053.288929554524,6040.787416502684,6028.285381443029,6015.7826540814885,6003.279012098441,5990.77416647809,5978.267743107805,5965.759259828708,5953.248097978844,5940.733467318367,5928.214363065317,5915.689513605235,5903.157317274691,5890.615766466781,5878.06235717741,5865.493982019451,5852.906804695572,5840.296113960761,5827.656155246471,5814.979938386401,5802.259020307602,5789.483262158006,5776.640561159742,5763.716558529395,5750.69432610755,5737.55403589611,5724.272618504211,5710.823418525179,5697.175857058887,5683.295113881728,5669.14184404767,5654.671945847477,5639.836398899895,5624.5811925154485,5608.847365159838,5592.571175642445,5575.684425365289,5558.114948412143,5539.787282303292,5520.6235268204255,5500.544391436939,5479.4704236953,5457.323401599886,5434.027863113148,5409.512735653822,5383.713018708451,5356.571463977034,5328.040190618628,5298.082168872041,5266.672504255522,5233.799457210828,5199.46513975444,5163.685841466019,5126.491951702394,5087.9274626631895,5048.049057918135,5006.924812024798,4964.632547507712,4921.257914233167,4876.892271635079,4831.630465043221,4785.568592568114,4738.801858069426,4691.422598646131,4643.518562340713,4595.1714943552615,4546.456069460973,4497.43918615242,4448.179616269671,4398.727984021546,4349.12703206898,4299.412120638328,4249.611899095953,4199.749088054642,4149.841313421648,4099.901940947581,4049.940869631422,3999.9652535026944,3949.980132607675,3899.9889644256373,3849.994055665687,3799.9969010006816,3749.9984396570185,3699.9992430442335,3649.999647118402,3599.999842378148,3549.9999327653577,3499.999972714785,3449.9999895104866,3399.9999961987314,3349.999998708944,3299.999999591816,3249.999999880838,3199.999999968194,3149.9999999923325,3099.9999999983565,3049.999999999693,2999.9999999999513,2949.9999999999936,2899.9999999999995,2850.0,2800.0,2750.0,2700.0,2650.0,2600.0,2550.0,2500.0,2450.0,2400.0,2350.0,2300.0,2250.0,2200.0,2150.0,2100.0,2050.0,2000.0,1950.0,1900.0,1850.0,1800.0,1750.0,1700.0,1650.0,1600.0,1550.0,1500.0,1450.0,1400.0,1350.0,1300.0,1250.0,1200.0,1150.0,1100.0,1050.0,1000.0,950.0,900.0,850.0,800.0,750.0,700.0,650.0,600.0,550.0,500.0,450.0,400.0,350.0,300.0,250.0,200.0,150.0,100.0,50.0,0.0
56,10334.437301249627,10324.28666537206,10314.084550165566,10303.831590125345,10293.528424695402,10283.175697938255,10272.774058203555,10262.32415779592,10251.826652642312,10241.282201959239,10230.691467920085,10220.055115322906,10209.37381125895,10198.648224782231,10187.87902658045,10177.066888647547,10166.212483958194,10155.316486144508,10144.379569175264,10133.40240703791,10122.385673423625,10111.330041415744,10100.236183181743,10089.104769669131,10077.936470305427,10066.731952702508,10055.49188236557,10044.216922406917,10032.90773326482,10021.564972427663,10010.189294163582,9998.781349255794,9987.34178474383,9975.871243670836,9964.370364837136,9952.839782560206,9941.280126441243,9929.692021138453,9918.07608614721,9906.43293558721,9894.763177996756,9883.067416134247,9871.346246787027,9859.600260587624,9847.830041837498,9836.03616833836,9824.219211231106,9812.379734842438,9800.518296539198,9788.635446590439,9776.731728037266,9764.807676570446,9752.86382041579,9740.900680227302,9728.918768988051,9716.918591918784,9704.90064639418,9692.86542186675,9680.813399798295,9668.74505359887,9656.660848573178,9644.561241874299,9632.446682464684,9620.317611084303,9608.174460225837,9596.017654116817,9583.84760870857,9571.664731671863,9559.4694223991,9547.262072012934,9535.043063381157,9522.812771137696,9510.571561709603,9498.319793349816,9486.057816175586,9473.78597221236,9461.504595442968,9449.21401186193,9436.9145395347,9424.606488661679,9412.29016164679,9399.965853170457,9387.633850266768,9375.29443240466,9362.947871572913,9350.594432368778,9338.234372090039,9325.867940830321,9313.495381577446,9301.116930314643,9288.732816124448,9276.343261295062,9263.948481429023,9251.548685553964,9239.144076235318,9226.73484969074,9214.32119590611,9201.903298752914,9189.481336106828,9177.055479967368,9164.625896578385,9152.192746549295,9139.756184976839,9127.31636156726,9114.873420758706,9102.42750184374,9089.978739091795,9077.527261871453,9065.073194772394,9052.616657726905,9040.157766130807,9027.696630963705,9015.233358908406,9002.768052469446,8990.300810090572,8977.831726271119,8965.360891681163,8952.888393275369,8940.414314405447,8927.938734931147,8915.461731329699,8902.983376803642,8890.503741386987,8878.02289204962,8865.540892799932,8853.057804785605,8840.5736863925,8828.088593341621,8815.602578784124,8803.115693394317,8790.627985460646,8778.139500974625,8765.65028371771,8753.16037534609,8740.669815473373,8728.178641751192,8715.686889947687,8703.194594023895,8690.70178620804,8678.208497067708,8665.714755579955,8653.220589199327,8640.726023923824,8628.231084358815,8615.735793778931,8603.240174187955,8590.744246376733,8578.248029979126,8565.751543526047,8553.254804497594,8540.757829373324,8528.26063368069,8515.763232041685,8503.265638217721,8490.767865152786,8478.269925014907,8465.771829235966,8453.273588549908,8440.775213029367,8428.276712120769,8415.778094677948,8403.279368994294,8390.780542833509,8378.281623458985,8365.78261766186,8353.28353178778,8340.784371762426,8328.285143115827,8315.785851005514,8303.286500238542,8290.787095292444,8278.287640335115,8265.78813924371,8253.288595622567,8240.789012820189,8228.28939394534,8215.789741882287,8203.290059305204,8190.7903486917985,8178.290612336177,8165.79085236099,8153.29107072889,8140.791269253318,8128.291449608678,8115.791613339896,8103.29176187142,8090.791896515673,8078.292018480982,8065.792128879028,8053.292228731822,8040.792318978243,8028.292400480158,8015.792474028139,8003.292540346814,7990.792600099863,7978.292653894672,7965.792702286675,7953.292745783405,7940.792784848256,7928.292819903985,7915.7928513359675,7903.292879495219,7890.792904701194,7878.292927244391,7865.792947388752,7853.292965373892,7840.792981417158,7828.292995715533,7815.793008447383,7803.293019774084,7790.79302984151,7778.293038781405,7765.793046712646,7753.293053742406,7740.793059967214,7728.293065473936,7715.793070340669,7703.293074637561,7690.793078427561,7678.293081767103,7665.793084706732,7653.293087291675,7640.79308956236,7628.293091554892,7615.79309330148,7603.293094830829,7590.793096168498,7578.293097337214,7565.793098357174,7553.2930992463025,7540.79310002049,7528.293100693811,7515.793101278714,7503.293101786203,7490.793102225989,7478.293102606634,7465.793102935681,7453.293103219763,7440.793103464708,7428.293103675634,7415.793103857022,7403.2931040128,7390.793104146398,7378.293104260815,7365.793104358667,7353.293104442229,7340.793104513486,7328.293104574156,7315.7931046257345,7303.293104669515,7290.793104706617,7278.293104738008,7265.793104764523,7253.293104786882,7240.7931048057035,7228.293104821518,7215.793104834783,7203.293104845888,7190.793104855166,7178.293104862903,7165.793104869343,7153.293104874689,7140.79310487912,7128.293104882782,7115.793104885803,7103.293104888288,7090.793104890328,7078.293104891998,7065.793104893361,7053.29310489447,7040.793104895371,7028.293104896099,7015.793104896686,7003.293104897157,6990.793104897533,6978.2931048978335,6965.793104898072,6953.293104898259,6940.793104898406,6928.293104898522,6915.793104898611,6903.293104898679,6890.793104898732,6878.293104898771,6865.793104898801,6853.293104898823,6840.7931048988385,6828.293104898849,6815.793104898857,6803.293104898861,6790.793104898863,6778.293104898865,6765.793104898866,6753.293104898865,6740.793104898859,6728.293104898847,6715.793104898821,6703.293104898771,6690.793104898683,6678.29310489853,6665.793104898274,6653.293104897852,6640.793104897166,6628.293104896067,6615.793104894327,6603.2931048916,6590.79310488736,6578.293104880815,6565.7931048707815,6553.293104855496,6540.793104832343,6528.29310479746,6515.7931047451675,6503.293104667148,6490.793104551269,6478.2931043799,6465.793104127526,6453.293103757348,6440.793103216492,6428.293102429267,6415.793101287698,6403.293099638309,6390.793097263722,6378.2930938571235,6365.793088986993,6353.293082048537,6340.793072197073,6328.2930582570125,6315.793038597964,6303.293010966741,6290.7929722604595,6278.29291822129,6265.792843027443,6253.292738747343,6240.792594614232,6228.292396066164,6215.792123480887,6203.291750515911,6190.791241940099,6178.290550813807,6165.7896148386335,6153.288351654419,6140.786652808894,6128.284376063266,6115.781335623847,6103.277289804664,6090.771925527839,6078.264838957236,6065.755511436382,6053.243279764959,6040.72729970121,6028.206501423574,6015.67953552878,6003.144707992244,5990.599902379252,5978.042487483814,5965.4692085008455,5952.876059824281,5940.25813762911,5927.609470562648,5914.922827164535,5902.189499082599,5889.399059778796,5876.539099249989,5863.594936341972,5850.5493115242025,5837.382064519009,5824.069802930468,5810.585569964826,5796.898521425442,5782.973624325705,5768.7713915925215,5754.247669303315,5739.35349455896,5724.035043270442,5708.233687640987,5691.886182766526,5674.925000373214,5657.278825103984,5638.873224842678,5619.631501273212,5599.475720243132,5578.327913665839,5556.11143589474,5532.752448094178,5508.181494588471,5482.335126063794,5455.157516473765,5426.602014239079,5396.632564501124,5365.224938383621,5332.3677078952005,5298.06291153488,5262.326365858931,5225.187591963422,5186.689342460825,5146.886733219257,5105.846003775325,5063.6429496325145,5020.3610872402305,4976.089626972749,4930.921339712331,4884.950407789583,4838.270350535944,4790.972108503774,4743.142358938121,4694.862119230111,4646.205676119507,4597.239857883753,4548.023646306532,4498.608106460644,4449.036596651617,4399.345209281689,4349.5633864943975,4299.714652350467,4249.81740560498,4199.885723155318,4149.930132888989,4099.958324830397,4049.9757800293723,3999.9863065560503,3949.992480504426,3899.995996583215,3849.9979375007424,3799.998974000803,3749.9995083445874,3699.999773644941,3649.9999001714796,3599.999957964811,3549.999983164265,3499.9999936137447,3449.999997717003,3399.999999235275,3349.999999761606,3299.999999931396,3249.999999981954,3199.9999999957136,3149.999999999095,3099.9999999998336,3049.999999999974,2999.999999999997,2950.0,2900.0,2850.0,2800.0,2750.0,2700.0,2650.0,2600.0,2550.0,2500.0,2450.0,2400.0,2350.0,2300.0,2250.0,2200.0,2150.0,2100.0,2050.0,2000.0,1950.0,1900.0,1850.0,1800.0,1750.0,1700.0,1650.0,1600.0,1550.0,1500.0,1450.0,1400.0,1350.0,1300.0,1250.0,1200.0,1150.0,1100.0,1050.0,1000.0,950.0,900.0,850.0,800.0,750.0,700.0,650.0,600.0,550.0,500.0,450.0,400.0,350.0,300.0,250.0,200.0,150.0,100.0,50.0,0.0
57,10428.826986615431,10418.220355642472,10407.568778473238,10396.872910511893,10386.133408935948,10375.350932380135,10364.526140621978,10353.659694269318,10342.752254450095,10331.804482504635,10320.817039680695,10309.79058683156,10298.725784117403,10287.6232907102,10276.483764502394,10265.3078618196,10254.096237137534,10242.849542803424,10231.568428762108,10220.253542287017,10208.90552771628,10197.525026194116,10186.112675417713,10174.669109389777,10163.194958176926,10151.690847674085,10140.15739937503,10128.595230149263,10117.004952025312,10105.387171980607,10093.742491738054,10082.071507569417,10070.374810105593,10058.652984153901,10046.90660852243,10035.136255851565,10023.342492452712,10011.525878154296,9999.686966155083,9987.826302884845,9975.94442787241,9964.041873621092,9952.119165491542,9940.176821591976,9928.215352675807,9916.235262046634,9904.237045470582,9892.22119109593,9880.188179380011,9868.138483023298,9856.072566910634,9843.990888059543,9831.893895575515,9819.782030614206,9807.655726350444,9795.51540795396,9783.361492571714,9771.19438931671,9759.0144992632,9746.822215448125,9734.617922878675,9722.401998545829,9710.174811443732,9697.936722594779,9685.688085080217,9673.42924407615,9661.16053689477,9648.882293030647,9636.594834211928,9624.298474456262,9611.993520131273,9599.680270019448,9587.359015387208,9575.030040058029,9562.693620489412,9550.35002585353,9537.999518121369,9525.642352150195,9513.278775774139,9500.909029897744,9488.533348592295,9476.151959194722,9463.765082408938,9451.372932409413,9438.975716946803,9426.573637455473,9414.166889162741,9401.755661199677,9389.340136713257,9376.92049297977,9364.496901519251,9352.069528210828,9339.638533408806,9327.204072059343,9314.766293817569,9302.325343164994,9289.881359527091,9277.434477390889,9264.984826422451,9252.532531584127,9240.077713251432,9227.620487329446,9215.160965368625,9202.699254679887,9190.235458448906,9177.769675849479,9165.302002155886,9152.832528854156,9140.361343752129,9127.888531088265,9115.414171639093,9102.938342825246,9090.461118816005,9077.98257063229,9065.502766248037,9053.021770689917,9040.539646135334,9028.056452008663,9015.572245075686,9003.08707953619,8990.601007114688,8978.114077149248,8965.626336678388,8953.13783052603,8940.648601384484,8928.15868989547,8915.668134729134,8903.17697266108,8890.685238647407,8878.192965897751,8865.700185946318,8853.20692872095,8840.7132226102,8828.219094528435,8815.724569978996,8803.22967311542,8790.734426800724,8778.238852664816,8765.742971160013,8753.246801614712,8740.750362285242,8728.2536704059,8715.756742237241,8703.259593112622,8690.762237483032,8678.264688960262,8665.766960358433,8653.269063733911,8640.771010423674,8628.272811082126,8615.774475716436,8603.276013720408,8590.777433906933,8578.278744539068,8565.779953359764,8553.281067620304,8540.782094107453,8528.283039169402,8515.783908740517,8503.284708364934,8490.785443219043,8478.286118132904,8465.786737610615,8453.287305849684,8440.787826759442,8428.288303978516,8415.788740891414,8403.289140644256,8390.789506159672,8378.289840150908,8365.79014513518,8353.290423446299,8340.790677246587,8328.290908538145,8315.791119173473,8303.291310865488,8290.791485196954,8278.29164362937,8265.791787511322,8253.291918086337,8240.792036500265,8228.292143808196,8215.79224098096,8203.292328911213,8190.792408419137,8178.292480257772,8165.792545118004,8153.292603633229,8140.792656383695,8128.29270390057,8115.7927466697165,8103.292785135222,8090.792819702676,8078.292850742215,8065.792878591365,8053.2929035576635,8040.792925921107,8028.292945936407,8015.792963835091,8003.2929798274345,7990.792994104265,7978.293006838603,7965.793018187204,7953.2930282919615,7940.793037281207,7928.293045270908,7915.793052365769,7903.29305866024,7890.793064239446,7878.293069180041,7865.793073550988,7853.293077414275,7840.793080825568,7828.2930838348075,7815.793086486761,7803.29308882152,7790.793090874948,7778.293092679101,7765.793094262606,7753.293095650995,7740.793096867024,7728.293097930951,7715.793098860795,7703.293099672563,7690.793100380461,7678.293100997085,7665.793101533594,7653.29310199986,7640.793102404603,7628.293102755525,7615.793103059417,7603.293103322262,7590.793103549323,7578.293103745225,7565.793103914029,7553.293104059296,7540.793104184141,7528.293104291294,7515.793104383137,7503.293104461748,7490.79310452894,7478.293104586289,7465.793104635166,7453.293104676761,7440.793104712105,7428.293104742091,7415.793104767491,7403.293104788972,7390.79310480711,7378.293104822398,7365.793104835262,7353.293104846068,7340.793104855128,7328.293104862711,7315.793104869044,7303.293104874325,7290.793104878719,7278.293104882367,7265.793104885389,7253.293104887887,7240.793104889947,7228.2931048916425,7215.793104893033,7203.293104894172,7190.793104895101,7178.293104895858,7165.793104896473,7153.293104896969,7140.79310489737,7128.293104897692,7115.793104897949,7103.293104898154,7090.793104898316,7078.293104898445,7065.793104898545,7053.293104898624,7040.793104898685,7028.293104898732,7015.793104898768,7003.293104898796,6990.793104898816,6978.29310489883,6965.793104898841,6953.293104898849,6940.793104898855,6928.2931048988585,6915.79310489886,6903.293104898861,6890.793104898861,6878.293104898861,6865.7931048988585,6853.293104898852,6840.793104898838,6828.29310489881,6815.793104898762,6803.2931048986775,6790.793104898534,6778.2931048982955,6765.793104897908,6753.293104897285,6740.793104896296,6728.293104894741,6715.793104892317,6703.2931048885675,6690.793104882808,6678.293104874016,6665.793104860672,6653.29310484053,6640.793104810279,6628.293104765063,6615.793104697783,6603.293104598107,6590.793104451046,6578.293104234945,6565.7931039186215,6553.293103457343,6540.793102787159,6528.29310181697,6515.793100417448,6503.293098405628,6490.793095523559,6478.293091408807,6465.7930855538925,6453.293077250661,6440.793065514328,6428.293048980118,6415.793025763162,6403.292993269312,6390.79294794066,6378.292884914579,6365.792797568699,6353.292676916108,6340.792510804773,6328.292282862203,6315.791971110173,6303.291546154182,6290.790968827477,6278.290187139042,6265.7891323379845,6253.2877138621625,6240.7858128856915,6228.283274116964,6215.779895425034,6203.275414786802,6190.769493949758,6178.261698094851,6165.751470661863,6153.23810236649,6140.720693296598,6128.198106828238,6115.668913955268,6103.131326486962,6090.583117445143,6078.021526898044,6065.4431514168355,6052.843815349857,6040.21842219887,6027.5607845734585,6014.863431517807,6002.117392472966,5989.311957781396,5976.434416480192,5963.469773181589,5950.400447113188,5937.2059578844055,5923.8626042446085,5910.343143970207,5896.616485009947,5882.647400055068,5868.396278684693,5853.818933043681,5838.86647449484,5823.485279686366,5807.617064813772,5791.199086357103,5774.164485073219,5756.442787379912,5737.9605743866105,5718.642323669237,5698.4114224957975,5677.191343718383,5654.906967193635,5631.486020721431,5606.860605548121,5580.968763002065,5553.756031415661,5525.176936767528,5495.19635706129,5463.790699883501,5430.948835265877,5396.672732148135,5360.977756401069,5323.892601267259,5285.458836675587,5245.730081387752,5204.770820314678,5162.654907410099,5119.463811044874,5075.284672457234,5030.208257674238,4984.326888375727,4937.732437039123,4890.514466288663,4842.758582041382,4794.54505557899,4745.94775221986,4697.03338520961,4647.861094299713,4598.482330715673,4548.941015124815,4499.2739237889855,4449.511250926353,4399.6772925710175,4349.791198647638,4299.86774494481,4249.918084284639,4199.95044541396,4149.970757938931,4099.983191047465,4049.990602065558,3999.994897575066,3949.9973146457055,3899.998632708196,3849.99932791565,3799.999681830497,3749.9998553164064,3699.999936987872,3649.9999738042643,3599.9999896437175,3549.9999961231697,3499.9999986325947,3449.999999548186,3399.9999998610974,3349.9999999605884,3299.999999989781,3249.999999997608,3199.9999999995025,3149.99999999991,3099.9999999999864,3049.999999999998,3000.0,2950.0,2900.0,2850.0,2800.0,2750.0,2700.0,2650.0,2600.0,2550.0,2500.0,2450.0,2400.0,2350.0,2300.0,2250.0,2200.0,2150.0,2100.0,2050.0,2000.0,1950.0,1900.0,1850.0,1800.0,1750.0,1700.0,1650.0,1600.0,1550.0,1500.0,1450.0,1400.0,1350.0,1300.0,1250.0,1200.0,1150.0,1100.0,1050.0,1000.0,950.0,900.0,850.0,800.0,750.0,700.0,650.0,600.0,550.0,500.0,450.0,400.0,350.0,300.0,250.0,200.0,150.0,100.0,50.0,0.0
58,10519.24076298632,10508.243030468968,10497.20683624627,10486.132827994536,10475.021652334379,10463.873954551516,10452.690378321464,10441.471565438369,10430.218155548177,10418.930785886349,10407.61009102031,10396.256702596836,10384.87124909455,10373.454355581702,10362.006643479403,10350.528730330492,10339.021229574155,10327.484750326457,10315.91989716694,10304.327269931375,10292.70746351083,10281.061067657129,10269.38866679484,10257.690839839848,10245.968160024615,10234.221194730228,10222.45050532525,10210.656647011472,10198.840168676601,10187.001612753935,10175.141515089033,10163.260404813434,10151.358804225416,10139.437228677805,10127.496186472845,10115.536178764098,10103.557699465364,10091.561235166593,10079.54726505676,10067.516260853641,10055.468686740443,10043.40499930926,10031.325647511227,10019.231072613366,10007.121708161982,9994.997979952575,9982.86030600613,9970.709096551709,9958.544754015229,9946.36767301433,9934.178240359184,9921.976835059144,9909.763828335103,9897.539583637425,9885.304456669312,9873.058795415462,9860.802940175878,9848.537223604673,9836.261970753727,9823.977499121016,9811.684118703497,9799.382132054348,9787.071834344415,9774.753513427706,9762.42744991076,9750.093917225717,9737.753181706932,9725.405502670965,9713.051132499748,9700.690316726801,9688.323294126303,9675.950296804842,9663.57155029569,9651.18727365543,9638.797679562766,9626.402974419347,9614.003358452455,9601.599025819374,9589.190164713289,9576.776957470573,9564.35958067927,9551.938205288663,9539.512996719744,9527.084114976447,9514.651714757518,9502.215945568856,9489.776951836202,9477.334873018039,9464.88984371857,9452.44199380066,9439.991448498593,9427.538328530565,9415.082750210762,9402.62482556092,9390.164662421292,9377.70236456088,9365.238031786856,9352.771760053074,9340.303641567587,9327.833764899082,9315.362215082154,9302.889073721344,9290.414419093868,9277.938326250976,9265.460867117872,9252.982110592136,9240.50212264061,9228.020966394659,9215.538702243828,9203.05538792778,9190.571078626523,9178.085827048886,9165.599683519207,9153.112696062199,9140.624910485994,9128.136370463335,9115.647117610892,9103.157191566695,9090.666630065696,9078.175469013418,9065.683742557721,9053.191483158662,9040.69872165647,9028.205487337631,9015.71180799909,9003.217710010604,8990.723218375211,8978.228356787891,8965.73314769239,8953.23761233624,8940.741770824008,8928.245642168791,8915.749244341969,8903.25259432125,8890.755708137054,8878.258600917236,8865.761286930181,8853.263779626333,8840.766091678146,8828.268235018528,8815.770220877781,8803.2720598191,8790.773761772642,8778.2753360682,8765.776791466551,8753.278136189472,8740.779377948476,8728.280523972317,8715.781581033278,8703.282555472295,8690.783453222946,8678.284279834339,8665.78504049294,8653.28574004337,8640.786383008215,8628.286973606871,8615.787515773474,8603.288013173926,8590.788469222081,8578.288887095097,8565.789269747993,8553.289619927447,8540.789940184874,8528.290232888783,8515.790500236486,8503.29074426515,8490.790966862232,8478.29116977534,8465.791354621526,8453.29152289604,8440.791675980578,8428.291815151053,8415.791941584883,8403.292056367854,8390.792160500563,8378.29225490446,8365.792340427515,8353.29241784953,8340.792487887109,8328.292551198305,8315.792608386975,8303.292660006839,8290.79270656527,8278.29274852683,8265.792786316573,8253.292820323106,8240.792850901451,8228.292878375698,8215.792903041476,8203.292925168244,8190.792945001413,8178.2929627643225,8165.792978660061,8153.292992873155,8140.793005571131,8128.29301690596,8115.793027015388,8103.2930360241635,8090.793044045171,8078.293051180474,8065.7930575222745,8053.293063153793,8040.79306815008,8028.29307257876,8015.7930765007095,8003.293079970687,7990.7930830379,7978.293085746529,7965.793088136205,7953.293090242445,7940.793092097051,7928.293093728471,7915.7930951621265,7903.293096420717,7890.793097524489,7878.293098491486,7865.793099337768,7853.293100077619,7840.793100723731,7828.293101287368,7815.793101778517,7803.293102206024,7790.793102577716,7778.29310290051,7765.793103180516,7753.293103423119,7740.7931036330665,7728.293103814533,7715.793103971192,7703.293104106266,7690.793104222583,7678.293104322618,7665.79310440854,7653.293104482241,7640.793104545375,7628.293104599384,7615.793104645521,7603.29310468488,7590.7931047184065,7578.293104746925,7565.793104771145,7553.2931047916845,7540.793104809075,7528.293104823777,7515.793104836185,7503.293104846641,7490.793104855435,7478.293104862819,7465.793104869009,7453.2931048741875,7440.793104878512,7428.2931048821165,7415.793104885115,7403.2931048876035,7390.793104889665,7378.29310489137,7365.793104892775,7353.293104893931,7340.793104894879,7328.293104895656,7315.793104896291,7303.293104896807,7290.793104897225,7278.293104897564,7265.793104897838,7253.293104898058,7240.793104898234,7228.293104898374,7215.793104898485,7203.293104898573,7190.793104898642,7178.293104898696,7165.7931048987375,7153.293104898769,7140.793104898794,7128.293104898813,7115.793104898827,7103.293104898838,7090.793104898845,7078.29310489885,7065.793104898854,7053.293104898857,7040.7931048988585,7028.293104898859,7015.793104898859,7003.293104898859,6990.793104898858,6978.293104898854,6965.793104898847,6953.293104898832,6940.793104898805,6928.2931048987575,6915.793104898677,6903.293104898543,6890.793104898325,6878.293104897972,6865.79310489741,6853.293104896523,6840.793104895138,6828.293104892991,6815.793104889685,6803.293104884629,6790.793104876941,6778.293104865314,6765.79310484782,6753.293104821625,6740.793104782579,6728.2931047246275,6715.793104638975,6703.293104512886,6690.79310432799,6678.293104057873,6665.7931036647,6653.293103094455,6640.793102270289,6628.293101083234,6615.793099379311,6603.29309694165,6590.7930934658525,6578.293088526078,6565.793081528596,6553.293071648384,6540.793057742876,6528.293038235091,6515.793010955855,6503.292972931591,6490.792920100019,6478.292846930726,6465.792745920791,6453.292606927004,6440.79241628531,6428.292155654512,6415.791800504249,6403.291318146295,6390.790665182418,6378.289784210654,6365.78859959383,6353.287012048619,6340.784891759252,6328.282069656341,6315.778326426991,6303.273378737018,6290.766862049001,6278.258309311201,6265.7471246726445,6253.232551250438,6240.713631839013,6228.189161311535,6215.657629326471,6203.117151824703,6190.5653896941385,6177.999452901315,6165.415788357486,6152.810049816929,6140.176948217022,6127.510081084187,6114.801739969504,6102.042695365548,6089.221959213288,6076.326525953611,6063.341094125826,6050.247771771459,6037.02577036133,6023.651093609472,6010.096229334538,5996.329854424468,5982.31656487873,5968.016644747513,5953.385889439957,5938.375500195221,5922.932067346762,5906.997660198684,5890.510040711002,5873.403016608232,5855.606946859361,5837.049408645505,5817.656029911097,5797.3514854355835,5776.060647201929,5753.70987190806,5730.228400097738,5705.54983300184,5679.61364528225,5652.366685016379,5623.764607030693,5593.773182645724,5562.369428523919,5529.542499986548,5495.294300089596,5459.639764913313,5422.606797678492,5384.235838955914,5344.579076644569,5303.699316613551,5261.668551839349,5218.56628336402,5174.4776593179395,5129.491507591006,5083.698342724778,5037.188427775318,4990.049967174908,4942.367497310692,4894.220528332719,4845.682474624056,4796.819893669122,4747.692035118385,4698.350685027161,4648.840275754609,4599.198220793545,4549.455426462277,4499.636929135568,4449.762607344783,4399.847922118548,4349.904645589459,4299.941546234108,4249.965008183575,4199.97957095319,4149.98838396745,4099.993576887436,4049.9965517093137,3999.9982058435617,3949.9990970414174,3899.999561374639,3849.999794833628,3799.999907836759,3749.9999603571123,3699.999983726352,3649.9999936484405,3599.9999976531635,3549.999999183157,3499.999999733719,3449.999999919252,3399.9999999774063,3349.9999999942243,3299.9999999986676,3249.999999999727,3199.9999999999513,3149.9999999999927,3099.999999999999,3050.0,3000.0,2950.0,2900.0,2850.0,2800.0,2750.0,2700.0,2650.0,2600.0,2550.0,2500.0,2450.0,2400.0,2350.0,2300.0,2250.0,2200.0,2150.0,2100.0,2050.0,2000.0,1950.0,1900.0,1850.0,1800.0,1750.0,1700.0,1650.0,1600.0,1550.0,1500.0,1450.0,1400.0,1350.0,1300.0,1250.0,1200.0,1150.0,1100.0,1050.0,1000.0,950.0,900.0,850.0,800.0,750.0,700.0,650.0,600.0,550.0,500.0,450.0,400.0,350.0,300.0,250.0,200.0,150.0,100.0,50.0,0.0
59,10606.303590266109,10594.976985799123,10583.618113527216,10572.227589697513,10560.806027182305,10549.354035252394,10537.872219355831,10526.361180902217,10514.821517052666,10503.253820515589,10491.658679348398,10480.036676765238,10468.388390950868,10456.714394880773,10445.015256147592,10433.291536793935,10421.543793151688,10409.772575687824,10397.978428856812,10386.161890959636,10374.323494009503,10362.46376360421,10350.58321880525,10338.682372023628,10326.761728912406,10314.821788265981,10302.863041926063,10290.885974694349,10278.891064251877,10266.87878108498,10254.849588417863,10242.803942151688,10230.742290810162,10218.665075491535,10206.572729826947,10194.46567994504,10182.344344442781,10170.209134362358,10158.060453174092,10145.898696765253,10133.724253434675,10121.537503893054,10109.338821268813,10097.128571119418,10084.907111448021,10072.674792725293,10060.43195791631,10048.178942512375,10035.916074567613,10023.643674740199,10011.36205633809,9999.071525369083,9986.77238059508,9974.464913590375,9962.149408803825,9949.826143624756,9937.49538845241,9925.157406768825,9912.812455214946,9900.460783669827,9888.102635332752,9875.73824680813,9863.367848192986,9850.991663166904,9838.609909084253,9826.222797068534,9813.830532108712,9801.43331315735,9789.031333230416,9776.624779508595,9764.213833439959,9751.79867084386,9739.379462015879,9726.956371833707,9714.529559863811,9702.099180468751,9689.665382915005,9677.228311481185,9664.788105566508,9652.34489979939,9639.898824146068,9627.450004019114,9614.99856038571,9602.544609875627,9590.088264888751,9577.629633702072,9565.168820576058,9552.705925860282,9540.24104609825,9527.774274131316,9515.305699201619,9502.835407053957,9490.363480036534,9477.889997200491,9465.41503439818,9452.938664380103,9440.460956890463,9427.981978761285,9415.50179400503,9403.02046390569,9390.538047108304,9378.054599706855,9365.57017533052,9353.084825228249,9340.598598351624,9328.111541436012,9315.623699079946,9303.135113822756,9290.645826220414,9278.155874919596,9265.665296729936,9253.174126694497,9240.682398158417,9228.190142835774,9215.697390874637,9203.204170920339,9190.710510176943,9178.216434466969,9165.721968289332,9153.227134875544,9140.73195624419,9128.236453253692,9115.740645653384,9103.244552132912,9090.748190370003,9078.251577076602,9065.754728043423,9053.257658182925,9040.760381570763,9028.26291148571,9015.76526044812,9003.267440256936,8990.769462025266,8978.2713362146,8965.773072667662,8953.27468063993,8940.776168829902,8928.277545408075,8915.778818044733,8903.279993936534,8890.781079831952,8878.2820820556,8865.783006531485,8853.283858805184,8840.784644065032,8828.285367162316,8815.78603263052,8803.286644703652,8790.787207333693,8778.287724207183,8765.788198760987,8753.28863419728,8740.789033497762,8728.289399437139,8715.789734595908,8703.290041372467,8690.790321994577,8678.290578530205,8665.790812897774,8653.29102687585,8640.791222112277,8628.291400132814,8615.791562349252,8603.291710067082,8590.791844492704,8578.29196674021,8565.792077837763,8553.292178733587,8540.792270301594,8528.292353346655,8515.792428609551,8503.292496771606,8490.79255845902,8478.292614246928,8465.79266466319,8453.292710191938,8440.792751276873,8428.292788324356,8415.792821706273,8403.292851762713,8390.792878804461,8378.292903115307,8365.7929249542,8353.292944557239,8340.792962139534,8328.292977896916,8315.792992007522,8303.29300463328,8290.793015921257,8278.293026004925,8265.793035005316,8253.293043032092,8240.79305018454,8228.293056552473,8215.793062217066,8203.293067251634,8190.793071722328,8178.293075688791,8165.793079204748,8153.293082318556,8140.793085073698,8128.293087509243,8115.793089660262,8103.2930915582065,8090.793093231261,8078.293094704658,8065.793096000964,8053.293097140347,8040.793098140806,8028.293099018401,8015.793099787439,8003.293100460658,7990.793101049384,7978.29310156368,7965.793102012478,7953.293102403699,7940.793102744357,7928.293103040662,7915.793103298098,7903.2931035215115,7890.7931037151775,7878.293103882861,7865.793104027876,7853.293104153138,7840.793104261207,7828.293104354328,7815.793104434468,7803.293104503349,7790.793104562477,7778.293104613167,7765.7931046565645,7753.293104693669,7740.79310472535,7728.293104752361,7715.793104775359,7703.293104794911,7690.793104811511,7678.2931048255805,7665.7931048374885,7653.293104847551,7640.79310485604,7628.293104863191,7615.7931048692035,7603.29310487425,7590.793104878479,7578.293104882016,7565.79310488497,7553.293104887431,7540.793104889477,7528.293104891175,7515.793104892582,7503.293104893745,7490.793104894704,7478.293104895492,7465.79310489614,7453.293104896669,7440.793104897102,7428.293104897455,7415.793104897741,7403.293104897973,7390.793104898159,7378.293104898308,7365.793104898429,7353.293104898525,7340.793104898601,7328.293104898661,7315.793104898708,7303.293104898746,7290.793104898775,7278.293104898797,7265.793104898814,7253.293104898827,7240.793104898836,7228.293104898843,7215.7931048988485,7203.293104898852,7190.793104898854,7178.293104898856,7165.793104898857,7153.293104898858,7140.793104898858,7128.293104898858,7115.793104898858,7103.293104898856,7090.793104898851,7078.293104898843,7065.793104898828,7053.293104898801,7040.793104898757,7028.293104898681,7015.793104898557,7003.293104898357,6990.793104898038,6978.293104897533,6965.793104896742,6953.293104895513,6940.793104893617,6928.29310489071,6915.793104886282,6903.293104879573,6890.793104869459,6878.293104854288,6865.793104831635,6853.293104797956,6840.793104748093,6828.293104674562,6815.7931045665455,6803.2931044084635,6790.793104177952,6778.293103843018,6765.793103358046,6753.293102658219,6740.793101651738,6728.293100209021,6715.793098147752,6703.29309521227,6690.793091045229,6678.293085148807,6665.793076831762,6653.293065137446,6640.793048746297,6628.29302584421,6615.792993945544,6603.292949655996,6590.792888356138,6578.292803780685,6565.792687461351,6553.2925279919755,6540.79231006316,6528.292013199316,6515.791610113323,6503.291064572134,6490.790328640019,6478.289339133742,6465.788013085067,6453.28624195948,6440.783884325129,6428.28075660164,6415.776621444028,6403.271173231715,6390.764020036439,6378.254661335861,6365.7424606227205,6353.22661193424,6340.706099195836,6328.179647141234,6315.645662443456,6303.102163575377,6290.546697824282,6277.97624382386,6265.387097953582,6252.774743005851,6240.133697654215,6227.457345491501,6214.73774276598,6201.965404447774,6189.129068926043,6176.215442486538,6163.208925759789,6150.091325565968,6136.84155700611,6123.435342240761,6109.844914120193,6096.038734630914,6081.98123992729,6067.632625430111,6052.9486859814915,6037.88072721547,6022.375564990984,6006.375629786746,5989.81919222673,5972.640724254776,5954.771407798549,5936.139798988867,5916.672651118373,5896.295893591241,5874.935757271384,5852.520029107185,5828.97941101244,5804.248950116819,5778.269500135901,5750.989167269962,5722.364689257674,5692.36269349897,5660.960779967248,5628.148377288771,5593.927326053623,5558.312152120697,5521.330004151798,5483.020243390281,5443.433689102072,5402.631539248229,5360.68400185189,5317.668687090229,5273.668822341108,5228.771361318197,5183.065063318454,5136.638619045902,5089.578895367026,5041.969362958735,4993.888758742561,4945.4100201744295,4896.599512016139,4847.516549408221,4798.213205147321,4748.734375176256,4699.118065325352,4649.395854896096,4599.5934889986465,4549.7315515350165,4499.826173934465,4449.889740524148,4399.931558929747,4349.958472270035,4299.975398305962,4249.985788428348,4199.992005903507,4149.995627839562,4099.997678791688,4049.998805874063,3999.9994059045634,3949.9997147677095,3899.9998681607794,3849.999941487931,3799.9999751391033,3749.999989921094,3699.9999961158355,3649.999998583231,3599.999999513299,3549.999999843441,3499.999999953163,3449.999999987074,3399.9999999967413,3349.9999999992588,3299.9999999998504,3249.9999999999736,3199.9999999999964,3149.9999999999995,3100.0,3050.0,3000.0,2950.0,2900.0,2850.0,2800.0,2750.0,2700.0,2650.0,2600.0,2550.0,2500.0,2450.0,2400.0,2350.0,2300.0,2250.0,2200.0,2150.0,2100.0,2050.0,2000.0,1950.0,1900.0,1850.0,1800.0,1750.0,1700.0,1650.0,1600.0,1550.0,1500.0,1450.0,1400.0,1350.0,1300.0,1250.0,1200.0,1150.0,1100.0,1050.0,1000.0,950.0,900.0,850.0,800.0,750.0,700.0,650.0,600.0,550.0,500.0,450.0,400.0,350.0,300.0,250.0,200.0,150.0,100.0,50.0,0.0
60,10690.596703230933,10678.99889405669,10667.374536337742,10655.724197075546,10644.048438174796,10632.347816277284,10620.62288260189,10608.874182790742,10597.10225676164,10585.307638566757,10573.490856257686,10561.652431756847,10549.792880735287,10537.912712496898,10526.012429869043,10514.09252909961,10502.153499760489,10490.195824657452,10478.219979746413,10466.226434056054,10454.215649616783,10442.188081395958,10430.144177239368,10418.084377818894,10406.009116586281,10393.91881973298,10381.81390615597,10369.694787429484,10357.561867782551,10345.415544082281,10333.256205822772,10321.084235119559,10308.900006709491,10296.70388795593,10284.49623885915,10272.277412071828,10260.047752919498,10247.807599425847,10235.557282342708,10223.297125184647,10211.027444267977,10198.74854875408,10186.460740696886,10174.164315094382,10161.859559943976,10149.546756301606,10137.226178344416,10124.898093436865,10112.562762200114,10100.220438584549,10087.871369945266,10075.515797120395,10063.153954512096,10050.786070170063,10038.412365877424,10026.033057238832,10013.648353770657,10001.258458993081,9988.863570523983,9976.463880174444,9964.059574045743,9951.6508326277,9939.237830898222,9926.820738423925,9914.399719461668,9901.974933060905,9889.546533166704,9877.1146687233,9864.679483778064,9852.241117585781,9839.799704713096,9827.355375143012,9814.90825437936,9802.458463551098,9790.006119516353,9777.551334966085,9765.094218527316,9752.634874865773,9740.173404787913,9727.709905342192,9715.244469919538,9702.777188352919,9690.308147015943,9677.837428920422,9665.36511381283,9652.89127826958,9640.415995791083,9627.939336894506,9615.4613692052,9602.982157546743,9590.501764029534,9578.020248137931,9565.537666815862,9553.054074550902,9540.569523456761,9528.084063354167,9515.597741850133,9503.11060441556,9490.622694461174,9478.134053411783,9465.644720778835,9453.154734231277,9440.664129664694,9428.172941268742,9415.681201592866,9403.188941610295,9390.696190780332,9378.202977108953,9365.70932720768,9353.2152663508,9340.720818530897,9328.22600651272,9315.730851885419,9303.235375113156,9290.739595584102,9278.243531657852,9265.747200711286,9253.250619182876,9240.753802615493,9228.256765697708,9215.759522303653,9203.262085531427,9190.764467740099,9178.266680585342,9165.768735053714,9153.270641495616,9140.77240965697,9128.274048709642,9115.775567280629,9103.276973480064,9090.778274928058,9078.279478780405,9065.780591753197,9053.281620146374,9040.782569866231,9028.28344644693,9015.784255071045,9003.285000589152,8990.785687538531,8978.286320160976,8965.786902419757,8953.287438015775,8940.787930402917,8928.288382802666,8915.788798217958,8903.289179446363,8890.789529092568,8878.289849580226,8865.790143163173,8853.290411936061,8840.790657844402,8828.290882694082,8815.79108816034,8803.291275796251,8790.791447040734,8778.291603226096,8765.791745585153,8753.291875257926,8740.791993297944,8728.292100678176,8715.792198296609,8703.292286981474,8690.792367496164,8678.292440543839,8665.792506771742,8653.292566775246,8640.792621101633,8628.292670253639,8615.792714692754,8603.292754842321,8590.792791090407,8578.292823792497,8565.792853273993,8553.292879832556,8540.792903740263,8528.292925245632,8515.792944575494,8503.292961936731,8490.792977517893,8478.29299149069,8465.793004011382,8453.293015222058,8440.79302525182,8428.293034217884,8415.793042226589,8403.293049374332,8390.793055748421,8378.293061427881,8365.793066484172,8353.293070981865,8340.79307497926,8328.293078528945,8315.793081678323,8303.293084470084,8290.793086942642,8278.293089130531,8265.793091064776,8253.293092773218,8240.793094280825,8228.293095609966,8215.793096780662,8203.29309781082,8190.793098716437,8178.293099511796,8165.793100209633,8153.293100821296,8140.793101356889,8128.293101825393,8115.793102234792,8103.293102592169,8090.7931029038045,8078.293103175265,8065.793103411474,8053.293103616784,8040.79310379504,8028.293103949634,8015.793104083554,8003.293104199431,7990.793104299578,7978.29310438603,7965.793104460569,7953.293104524759,7940.793104579967,7928.2931046273925,7915.793104668079,7903.29310470294,7890.793104732769,7878.29310475826,7865.793104780013,7853.293104798551,7840.793104814327,7828.293104827734,7815.793104839109,7803.293104848748,7790.793104856903,7778.29310486379,7765.793104869599,7753.29310487449,7740.793104878602,7728.293104882052,7715.793104884942,7703.293104887358,7690.793104889375,7678.293104891056,7665.793104892454,7653.293104893613,7640.793104894574,7628.293104895367,7615.793104896021,7603.293104896559,7590.793104897001,7578.293104897362,7565.793104897658,7553.293104897898,7540.793104898094,7528.293104898252,7515.793104898379,7503.293104898481,7490.793104898564,7478.293104898629,7465.793104898682,7453.293104898723,7440.793104898756,7428.293104898781,7415.793104898801,7403.293104898816,7390.793104898828,7378.293104898836,7365.793104898842,7353.293104898848,7340.793104898851,7328.293104898853,7315.793104898854,7303.293104898855,7290.793104898856,7278.293104898857,7265.793104898857,7253.293104898857,7240.793104898857,7228.293104898856,7215.793104898854,7203.293104898849,7190.793104898841,7178.293104898826,7165.7931048988,7153.2931048987575,7140.793104898688,7128.293104898576,7115.793104898394,7103.293104898106,7090.793104897654,7078.293104896951,7065.7931048958635,7053.293104894193,7040.793104891643,7028.293104887773,7015.793104881927,7003.293104873144,6990.793104860008,6978.2931048404425,6965.793104811426,6953.293104768564,6940.7931047054935,6928.293104613031,6915.793104477967,6903.293104281373,6890.793103996201,6878.293103583939,6865.793102989927,6853.293102136837,6840.793100915627,6828.293099173035,6815.793096694332,6803.293093179644,6790.793088211535,6778.293081210801,6765.793071376373,6753.293057603938,6740.793038376113,6728.29301161478,6715.792974483262,6703.2929231223125,6690.792852299081,6678.292754942164,6665.7926215281905,6653.292439275696,6640.79219109004,6628.2918541881045,6615.791398313049,6603.290783426782,6590.78995674024,6578.288848908345,6565.787369176673,6553.285399219603,6540.782785354139,6528.279328748798,6515.7747731724685,6503.268789743296,6490.760958042564,6478.250742853414,6465.737465670388,6453.220270004915,6440.698079387109,6428.169546839978,6415.632994484119,6403.086341827004,6390.5270212105515,6377.951878845725,6365.357059867169,6352.737875910477,6340.088653867371,6327.402564728891,6314.6714318035665,6301.885518115632,6289.033293465283,6276.101182482793,6263.073296039543,6249.931149592547,6236.6533734253035,6223.215421284639,6209.589285563168,6195.743228885574,6181.641543650955,6167.244352670996,6152.507465414703,6137.382305399295,6121.815924817099,6105.751122418727,6089.12667984647,6071.877729906195,6053.936267585659,6035.231810916542,6015.692214034534,5995.244629080202,5973.816607042029,5951.3373204928175,5927.73888371425,5902.957738321315,5876.936065630191,5849.623181143563,5820.976862151225,5790.964557032488,5759.564424807303,5726.7661561156365,5692.571532264025,5656.994687239279,5620.062048424936,5581.811944729174,5542.293885306551,5501.56752722282,5459.701365343568,5416.771191438906,5372.858381025921,5328.048074961613,5282.427327582118,5236.083293846039,5189.101524373624,5141.564429701346,5093.549964035667,5045.130565112599,4996.372371482636,4947.3347227908425,4898.069933565546,4848.623317722871,4799.033430298423,4749.3324854205885,4699.546905515825,4649.697956135553,4599.80242327246,4549.873295009904,4499.920416085343,4449.951091646539,4399.97062436333,4349.982776456625,4299.990154607288,4249.994520786227,4199.997035668949,4149.998443498336,4099.999208204985,4049.9996105359073,3999.9998151672507,3949.999915566792,3899.9999629728045,3849.9999844576773,3799.9999937762514,3749.9999976314084,3699.9999991469817,3649.9999997107325,3599.999999908166,3549.999999972891,3499.9999999926195,3449.9999999981646,3399.9999999995885,3349.999999999918,3299.999999999986,3249.999999999998,3200.0,3150.0,3100.0,3050.0,3000.0,2950.0,2900.0,2850.0,2800.0,2750.0,2700.0,2650.0,2600.0,2550.0,2500.0,2450.0,2400.0,2350.0,2300.0,2250.0,2200.0,2150.0,2100.0,2050.0,2000.0,1950.0,1900.0,1850.0,1800.0,1750.0,1700.0,1650.0,1600.0,1550.0,1500.0,1450.0,1400.0,1350.0,1300.0,1250.0,1200.0,1150.0,1100.0,1050.0,1000.0,950.0,900.0,850.0,800.0,750.0,700.0,650.0,600.0,550.0,500.0,450.0,400.0,350.0,300.0,250.0,200.0,150.0,100.0,50.0,0.0
61,10772.64408059496,10760.826879099212,10748.988250517154,10737.128700899555,10725.248730091194,10713.348831626072,10701.429492628758,10689.491193721873,10677.534408939675,10665.559605647777,10653.567244468899,10641.557779214681,10629.531656823501,10617.489317304235,10605.431193685923,10593.35771197329,10581.269291108047,10569.166342935889,10557.049272179163,10544.918476415063,10532.774346059317,10520.617264355245,10508.447607368122,10496.265743984703,10484.07203591786,10471.866837716178,10459.650496778422,10447.423353372747,10435.185740660547,10422.937984724798,10410.680404602803,10398.413312323162,10386.137012946901,10373.851804612565,10361.557978585166,10349.25581930887,10336.945604463244,10324.627605022954,10312.302085320758,10299.969303113658,10287.629509652066,10275.282949751841,10262.929861869057,10250.570478177353,10238.205024647727,10225.833721130628,10213.456781440207,10201.07441344058,10188.686819133965,10176.294194750568,10163.896730840046,10151.494612364453,10139.088018792492,10126.677124194983,10114.262097341378,10101.843101797214,10089.420296022387,10076.993833470086,10064.563862686318,10052.13052740986,10039.693966672537,10027.254314899743,10014.811702011024,10002.366253520702,9989.918090638372,9977.467330369202,9965.014085613924,9952.558465268437,9940.100574322923,9927.640513960383,9915.178381654527,9902.714271266917,9890.248273143314,9877.780474209114,9865.310958063865,9852.83980507473,9840.367092468885,9827.892894424785,9815.417282162216,9802.940324031106,9790.462085599056,9777.982629737515,9765.502016706578,9753.020304238371,9740.537547618987,9728.05379976892,9715.569111322015,9703.083530702848,9690.597104202587,9678.109876053237,9665.621888500315,9653.133181873913,9640.643794658139,9628.153763558943,9615.663123570297,9603.171908038756,9590.680148726378,9578.187875872025,9565.695118251007,9553.201903233145,9540.708256839178,9528.214203795611,9515.719767587934,9503.224970512289,9490.729833725558,9478.23437729392,9465.738620239874,9453.242580587754,9440.746275407762,9428.249720858536,9415.752932228273,9403.255923974446,9390.758709762116,9378.261302500889,9365.763714380531,9353.265956905274,9340.768040926829,9328.269976676156,9315.771773794007,9303.273441360261,9290.774987922106,9278.276421521072,9265.777749718956,9253.27897962269,9240.78011790813,9228.281170842854,9215.782144307954,9203.283043818878,9190.783874545348,9178.28464133038,9165.785348708416,9153.286000922639,9140.786601941467,9128.287155474254,9115.787664986257,9103.28813371285,9090.78856467305,9078.288960682372,9065.78932436502,9053.28965816547,9040.789964359437,9028.290245064289,9015.790502248885,9003.29073774291,8990.790953245682,8978.291150334495,8965.791330472486,8953.29149501607,8940.791645221947,8928.291782253711,8915.791907188079,8903.292021020745,8890.7921246719,8878.292218991417,8865.792304763716,8853.292382712341,8840.792453504251,8828.292517753844,8815.79257602672,8803.292628843226,8790.79267668174,8778.29271998177,8765.792759146836,8753.29279454717,8740.792826522216,8728.29285538299,8715.79288141425,8703.29290487654,8690.792926008071,8678.292945026487,8665.792962130496,8653.292977501385,8640.792991304428,8628.29300369019,8615.793014795738,8603.293024745748,8590.793033653554,8578.29304162209,8565.793048744777,8553.293055106342,8540.79306078356,8528.29306584595,8515.793070356409,8503.2930743718,8490.79307794349,8478.293081117841,8465.793083936665,8453.293086437641,8440.793088654693,8428.29309061834,8415.793092356014,8403.293093892355,8390.793095249468,8378.293096447178,8365.793097503238,8353.293098433538,8340.793099252289,8328.293099972185,8315.793100604558,8303.293101159514,8290.793101646052,8278.293102072188,8265.79310244505,8253.293102770967,8240.79310305556,8228.29310330381,8215.793103520133,8203.293103708438,8190.793103872176,8178.293104014399,8165.793104137799,8153.293104244747,8140.793104337334,8128.293104417396,8115.793104486546,8103.293104546203,8090.793104597607,8078.293104641849,8065.7931046798785,8053.2931047125285,8040.793104740524,8028.293104764498,8015.793104785001,8003.293104802513,7990.79310481745,7978.2931048301725,7965.7931048409955,7953.293104850189,7940.793104857986,7928.29310486459,7915.793104870174,7903.293104874889,7890.793104878863,7878.293104882208,7865.79310488502,7853.293104887379,7840.793104889354,7828.293104891005,7815.793104892383,7803.293104893531,7790.793104894485,7778.293104895276,7765.793104895932,7753.293104896474,7740.79310489692,7728.293104897288,7715.793104897589,7703.293104897836,7690.793104898038,7678.293104898203,7665.7931048983355,7653.293104898443,7640.79310489853,7628.293104898599,7615.793104898656,7603.293104898701,7590.7931048987375,7578.293104898766,7565.7931048987875,7553.293104898805,7540.793104898818,7528.2931048988285,7515.793104898837,7503.293104898842,7490.793104898847,7478.29310489885,7465.793104898852,7453.293104898853,7440.793104898854,7428.293104898855,7415.793104898856,7403.293104898856,7390.793104898856,7378.293104898856,7365.793104898856,7353.293104898856,7340.793104898854,7328.293104898852,7315.793104898848,7303.293104898839,7290.793104898825,7278.293104898801,7265.793104898761,7253.2931048986975,7240.793104898594,7228.29310489843,7215.793104898173,7203.29310489777,7190.793104897147,7178.293104896187,7165.793104894719,7153.293104892487,7140.79310488911,7128.293104884027,7115.793104876411,7103.29310486505,7090.793104848171,7078.2931048231985,7065.7931047863885,7053.2931047323345,7040.793104653243,7028.293104537921,7015.7931043703475,7003.293104127664,6990.7931037773615,6978.29310327335,6965.7931025505,6953.293101517062,6940.793100044196,6928.293097951555,6915.793094987483,6903.293090801931,6890.793084909529,6878.293076639415,6865.793065067295,6853.293048923791,6840.793026471209,6828.292995338479,6815.792952300844,6803.292892986908,6790.7928114905535,6778.292699858794,6765.792547418507,6753.292339894851,6740.792058261511,6728.291677247325,6715.791163404611,6703.290472621118,6690.789546929187,6678.2883104315915,6665.786664122943,6653.284479337541,6640.78158949841,6628.277779777216,6615.7727742002935,6603.2662196517895,6590.75766613111,6578.246542518926,6565.732126995287,6553.213511137161,6540.689556603935,6528.158843202955,6515.619607018802,6503.069667197625,6490.50633991113,6477.926337995257,6465.325654779963,6452.699430714201,6440.041801561233,6427.3457272119895,6414.602800556608,6401.8030363843245,6388.9346409650825,6375.983763814533,6362.934234163783,6349.767285844773,6336.461275650005,6322.9914017074625,6309.329429989622,6295.443438694607,6281.2975918260445,6266.851954766515,6252.062365882075,6236.880379093154,6221.253292771605,6205.124280143915,6188.43263547073,6171.114148522732,6153.101617198993,6134.325504491791,6114.714741397924,6094.197671879307,6072.703129724078,6050.161630367955,6026.506653693881,6001.675986894946,5975.613090075642,5948.268441829967,5919.600818029743,5889.578454915924,5858.180047680624,5825.395538328759,5791.226651850216,5755.687147584795,5718.802762905563,5680.610838571848,5641.15962871876,5600.507312708347,5558.720740110143,5515.873952997466,5472.046540651365,5427.321889863825,5381.78539870173,5335.522722441846,5288.618117301574,5241.152940757109,5193.204357140594,5144.844284579842,5096.138605124017,5047.146645135435,4997.920918788235,4948.507114785629,4898.944296005711,4849.265274288551,4799.49711827868,4749.661751136772,4699.77659675772,4649.8552373798875,4599.908051487315,4549.942807964726,4499.9651998441095,4449.979308041679,4399.987991720029,4349.993206983432,4299.996259359577,4249.997997932927,4199.9989601969055,4149.999476895475,4099.999745585966,4049.999880636023,3999.9999461047955,3949.9999766427995,3899.9999903127946,3849.9999961679123,3799.999998559573,3749.9999994877376,3699.9999998284934,3649.9999999462543,3599.999999984342,3549.9999999957936,3499.999999998968,3449.9999999997717,3399.9999999999554,3349.9999999999927,3299.999999999999,3250.0,3200.0,3150.0,3100.0,3050.0,3000.0,2950.0,2900.0,2850.0,2800.0,2750.0,2700.0,2650.0,2600.0,2550.0,2500.0,2450.0,2400.0,2350.0,2300.0,2250.0,2200.0,2150.0,2100.0,2050.0,2000.0,1950.0,1900.0,1850.0,1800.0,1750.0,1700.0,1650.0,1600.0,1550.0,1500.0,1450.0,1400.0,1350.0,1300.0,1250.0,1200.0,1150.0,1100.0,1050.0,1000.0,950.0,900.0,850.0,800.0,750.0,700.0,650.0,600.0,550.0,500.0,450.0,400.0,350.0,300.0,250.0,200.0,150.0,100.0,50.0,0.0
62,10852.904742832743,10840.913394358691,10828.90507700775,10816.88022990866,10804.839285443933,10792.782669201475,10780.710799931776,10768.624089510653,10756.522942907428,10744.4077581585,10732.278926346233,10720.13683158307,10707.981851000797,10695.81435474486,10683.634705973629,10671.443260862554,10659.240368613053,10647.02637146607,10634.80160472017,10622.566396754071,10610.321069053487,10598.065936242181,10585.801306117077,10573.527479687342,10561.244751217284,10548.953408272962,10536.653731772356,10524.34599603898,10512.030468858804,10499.707411540361,10487.377078977866,10475.039719717279,10462.695576025097,10450.344883959822,10437.987873445894,10425.624768350008,10413.255786559646,10400.881140063722,10388.501035035162,10376.11567191533,10363.725245500136,10351.329945027725,10338.929954267576,10326.525451610933,10314.1166101624,10301.703597832598,10289.286577431754,10276.865706764107,10264.441138723012,10252.013021386616,10239.581498114012,10227.14670764174,10214.708784180544,10202.267857512272,10189.824053086815,10177.377492118992,10164.928291685283,10152.476564820303,10140.022420612968,10127.5659643022,10115.107297372164,10102.646517646877,10090.183719384193,10077.718993369024,10065.252427005764,10052.784104409826,10040.31410649826,10027.84251107935,10015.369392941175,10002.894823939041,9990.418873081764,9977.941606616747,9965.463088113795,9952.983378547648,9940.50253637918,9928.02061763523,9915.537675987045,9903.053762827296,9890.568927345637,9878.083216602809,9865.596675603227,9853.109347366084,9840.621272994918,9828.132491745644,9815.64304109305,9803.152956795731,9790.662272959476,9778.171022099103,9765.679235198715,9753.186941770435,9740.694169911558,9728.200946360184,9715.7072965493,9703.213244659339,9690.718813669231,9678.22402540595,9665.72890059257,9653.233458894852,9640.737718966391,9628.241698492307,9615.745414231546,9603.24888205776,9590.752116998852,9578.255133275137,9565.757944336201,9553.260562896454,9540.763000969406,9528.2652699007,9515.767380399915,9503.26934257118,9490.771165942613,9478.272859494631,9465.774431687132,9453.275890485604,9440.777243386166,9428.2784974396,9415.77965927435,9403.280735118595,9390.781730821327,9378.282651872558,9365.783503422608,9353.284290300555,9340.785017031842,9328.285687855081,9315.786306738075,9303.286877393099,9290.787403291448,9278.287887677288,9265.788333580838,9253.28874383089,9240.78912106672,9228.289467749397,9215.7897861725,9203.290078472306,9190.790346637423,9178.290592517931,9165.790817834028,9153.291024184211,9140.79121305301,9128.291385818291,9115.791543758161,9103.29168805748,9090.791819813989,9078.291940044108,9065.792049688378,9053.292149616587,9040.792240632598,9028.29232347888,9015.79239884076,9003.292467350431,8990.792529590692,8978.292586098463,8965.79263736808,8953.292683854377,8940.792725975562,8928.292764115919,8915.792798628327,8903.292829836602,8890.7928580377,8878.292883503753,8865.792906483975,8853.292927206443,8840.792945879732,8828.29296269446,8815.79297782471,8803.292991429345,8790.793003653245,8778.293014628434,8765.79302447514,8753.293033302769,8740.7930412108,8728.293048289624,8715.793054621312,8703.293060280324,8690.793065334166,8678.29306984399,8665.79307386515,8653.293077447714,8640.79308063693,8628.29308347366,8615.793085994783,8603.293088233542,8590.79309021989,8578.293091980788,8565.793093540487,8553.293094920782,8540.793096141238,8528.293097219415,8515.79309817105,8503.293099010241,8490.7930997496,8478.293100400406,8465.793100972733,8453.293101475572,8440.793101916943,8428.293102303987,8415.793102643065,8403.29310293983,8390.793103199305,8378.293103425949,8365.793103623715,8353.293103796106,8340.793103946224,8328.293104076807,8315.79310419028,8303.293104288776,8290.793104374181,8278.293104448152,8265.79310451215,8253.293104567456,8240.793104615195,8228.293104656355,8215.793104691802,8203.293104722292,8190.793104748486,8178.293104770963,8165.793104790225,8153.29310480671,8140.793104820803,8128.293104832833,8115.793104843089,8103.293104851821,8090.793104859246,8078.29310486555,8065.793104870894,8053.293104875419,8040.793104879243,8028.293104882471,8015.7931048851915,8003.293104887481,7990.793104889403,7978.293104891016,7965.793104892366,7953.293104893493,7940.793104894436,7928.29310489522,7915.793104895872,7903.293104896412,7890.793104896859,7878.29310489723,7865.793104897534,7853.293104897785,7840.793104897992,7828.29310489816,7815.793104898297,7803.29310489841,7790.793104898501,7778.293104898575,7765.793104898634,7753.293104898681,7740.793104898719,7728.29310489875,7715.793104898775,7703.293104898794,7690.793104898809,7678.293104898821,7665.79310489883,7653.293104898838,7640.793104898843,7628.293104898848,7615.79310489885,7603.293104898852,7590.793104898853,7578.293104898854,7565.793104898855,7553.293104898856,7540.793104898856,7528.293104898856,7515.793104898856,7503.293104898856,7490.793104898856,7478.293104898856,7465.793104898855,7453.293104898854,7440.793104898851,7428.293104898847,7415.7931048988385,7403.293104898825,7390.793104898803,7378.293104898767,7365.7931048987075,7353.293104898614,7340.7931048984665,7328.293104898236,7315.793104897879,7303.293104897328,7290.793104896483,7278.293104895196,7265.793104893246,7253.293104890306,7240.793104885892,7228.293104879296,7215.793104869483,7203.293104854938,7190.793104833465,7178.293104801881,7165.79310475559,7153.293104687982,7140.793104589575,7128.293104446814,7115.793104240385,7103.2931039428495,7090.793103515351,7078.293102903037,7065.793102028713,7053.293100784076,7040.793099017652,7028.293096518242,7015.793092992288,7003.2930880330205,6990.793081078558,6978.293071355187,6965.793057800845,6953.293038962275,6940.793012857255,6928.292976790721,6915.792927110234,6903.292858881989,6890.792765463132,6878.292637939357,6865.79246438816,6853.292228917525,6840.791910416543,6828.291480938236,6815.790903614962,6803.290129982599,6790.789096560587,6778.287720500055,6765.785894070923,6753.283477710254,6740.780291297565,6728.276103257589,6715.770617016768,6703.263454256318,6690.754134312343,6678.242048972896,6665.72643181468,6653.206321110434,6640.680515225582,6628.147519314002,6615.60548202407,6603.0521208451855,6590.484634671569,6577.899602145515,6565.292864379899,6552.659390764541,6539.993126749119,6527.286822784037,6514.531844006842,6501.717960801694,6488.833121046781,6475.863205709238,6462.791770453394,6449.599777092256,6436.265320020729,6422.763354196684,6409.065432743363,6395.139463779264,6380.949497568905,6366.455556443203,6351.613521060361,6336.375087354207,6320.6878088263375,6304.495238559521,6287.7371843474375,6270.35008855096,6252.26754163119,6233.420934739648,6213.740252280304,6193.155000068816,6171.595258739708,6148.992845600109,6125.28256147614,6100.403492584324,6074.3003314747675,6046.924676054588,6018.236262033534,5988.204082237102,5956.807346444461,5924.036237972998,5889.8924282653725,5854.389318201986,5817.551984553755,5779.416821522715,5740.030880139866,5699.450921707885,5657.742214697009,5614.977116685673,5571.233493261202,5526.593033524938,5481.1395263985105,5434.957162933196,5388.128927164662,5340.735131887478,5292.852146473382,5244.5513521896555,5195.898347238717,5146.952409897593,5097.766214671167,5048.385784206899,4998.850649625564,4949.194184465499,4899.444072925288,4849.6228715620255,4799.748624845371,4749.835498553969,4699.894400350218,4649.933563320548,4599.959075153781,4549.975342342836,4499.985484841562,4449.991661641445,4399.995331562861,4349.99745614229,4299.998652925001,4249.9993079170745,4199.9996556372425,4149.99983437901,4099.999923172056,4049.999965708089,3999.9999853113823,3949.9999939799654,3899.999997647136,3849.9999991263594,3799.9999996931456,3749.999999898554,3699.9999999686142,3649.9999999909746,3599.999999997607,3549.9999999994207,3499.9999999998736,3449.999999999976,3399.9999999999964,3349.9999999999995,3300.0,3250.0,3200.0,3150.0,3100.0,3050.0,3000.0,2950.0,2900.0,2850.0,2800.0,2750.0,2700.0,2650.0,2600.0,2550.0,2500.0,2450.0,2400.0,2350.0,2300.0,2250.0,2200.0,2150.0,2100.0,2050.0,2000.0,1950.0,1900.0,1850.0,1800.0,1750.0,1700.0,1650.0,1600.0,1550.0,1500.0,1450.0,1400.0,1350.0,1300.0,1250.0,1200.0,1150.0,1100.0,1050.0,1000.0,950.0,900.0,850.0,800.0,750.0,700.0,650.0,600.0,550.0,500.0,450.0,400.0,350.0,300.0,250.0,200.0,150.0,100.0,50.0,0.0
63,10931.770201522773,10919.64318009656,10907.50296932865,10895.349940375316,10883.184457589912,10871.00687852196,10858.81755392087,10846.616827744227,10834.405037170536,10822.182512616317,10809.949577757438,10797.706549554588,10785.453738282786,10773.191447564777,10760.919974408236,10748.639609246644,10736.35063598371,10724.053332041225,10711.747968410229,10699.434809705359,10687.114114222235,10674.786133997795,10662.45111487343,10650.109296560771,10637.760912710046,10625.406190980833,10613.045353115109,10600.678615012457,10588.306186807305,10575.928272948076,10563.5450722781,10551.156778118191,10538.763578350758,10526.365655505306,10513.96318684524,10501.556344455821,10489.145295333174,10476.730201474224,10464.311219967452,10451.888503084356,10439.462198371491,10427.03244874302,10414.599392573626,10402.163163791702,10389.723891972735,10377.281702432749,10364.836716321748,10352.389050717042,10339.938818716379,10327.486129530796,10315.031088577107,10302.573797569927,10290.11435461319,10277.65285429107,10265.189387758208,10252.724042829232,10240.256904067448,10227.788052872687,10215.31756756821,10202.845523486656,10190.371993054932,10177.89704587805,10165.420748821809,10152.943166094341,10140.464359326405,10127.98438765047,10115.503307778492,10103.021174078398,10090.5380386492,10078.053951394773,10065.56896009622,10053.083110482827,10040.596446301608,10028.10900938538,10015.620839719402,10003.131975506532,9990.64245323092,9978.152307720211,9965.661572206274,9953.170278384438,9940.678456471238,9928.1861352607,9915.693342179118,9903.200103338393,9890.706443587876,9878.21238656478,9865.717954743148,9853.223169481374,9840.728051068336,9828.232618768103,9815.736890863274,9803.240884696952,9790.744616713358,9778.248102497137,9765.751356811348,9753.25439363417,9740.757226194348,9728.259867005403,9715.762327898627,9703.264620054884,9690.766754035254,9678.268739810532,9665.770586789607,9653.27230384677,9640.773899347945,9628.275381175888,9615.776756754387,9603.278033071463,9590.779216701634,9578.28031382724,9565.781330258866,9553.282271454891,9540.783142540198,9528.283948324042,9515.784693317139,9503.285381747975,9490.786017578377,9478.286604518353,9465.787146040244,9453.287645392209,9440.788105611053,9428.28852953444,9415.788919812507,9403.289278918888,9390.7896091612,9378.289912690989,9365.790191513159,9353.290447494921,9340.790682374263,9328.29089776797,9315.79109517922,9303.291276004755,9290.79144154167,9278.291592993823,9265.791731477866,9253.29185802897,9240.791973606187,9228.292079097517,9215.792175324683,9203.292263047615,9190.792342968663,9178.29241573657,9165.792481950191,9153.292542161978,9140.792596881267,9128.292646577342,9115.792691682313,9103.292732593805,9090.792769677477,9078.29280326937,9065.792833678113,9053.292861186963,9040.792886055728,9028.292908522544,9015.792928805542,9003.29294710439,8990.792963601729,8978.29297846452,8965.792991845277,8953.293003883224,8940.793014705363,8928.293024427465,8915.79303315499,8903.293040983937,8890.79304800163,8878.293054287438,8865.79305991346,8853.293064945128,8840.793069441794,8828.293073457242,8815.79307704018,8803.293080234687,8790.793083080618,8778.293085613985,8765.793087867298,8753.293089869887,8740.793091648191,8728.293093226022,8715.79309462481,8703.293095863828,8690.79309696039,8678.293097930038,8665.79309878672,8653.293099542934,8640.793100209874,8628.293100797551,8615.79310131492,8603.293101769974,8590.793102169855,8578.293102520924,8565.793102828848,8553.293103098673,8540.793103334889,8528.293103541479,8515.793103721982,8503.293103879536,8490.79310401692,8478.293104136597,8465.79310424074,8453.293104331273,8440.79310440989,8428.293104478087,8415.793104537182,8403.293104588334,8390.793104632563,8378.293104670762,8365.793104703715,8353.29310473211,8340.79310475655,8328.29310477756,8315.793104795599,8303.29310481107,8290.79310482432,8278.293104835657,8265.793104845343,8253.293104853608,8240.793104860652,8228.293104866645,8215.793104871738,8203.29310487606,8190.793104879723,8178.293104882823,8165.7931048854425,8153.293104887653,8140.793104889515,8128.293104891081,8115.793104892397,8103.293104893501,8090.793104894423,8078.293104895194,8065.793104895838,8053.293104896374,8040.793104896819,8028.293104897189,8015.793104897494,8003.293104897747,7990.793104897955,7978.293104898126,7965.793104898267,7953.293104898383,7940.793104898477,7928.293104898554,7915.793104898616,7903.293104898667,7890.793104898707,7878.293104898739,7865.793104898766,7853.293104898787,7840.793104898803,7828.293104898816,7815.793104898826,7803.293104898834,7790.79310489884,7778.293104898845,7765.7931048988485,7753.293104898851,7740.793104898853,7728.293104898854,7715.793104898854,7703.293104898855,7690.793104898856,7678.293104898856,7665.793104898856,7653.293104898856,7640.793104898856,7628.293104898856,7615.793104898856,7603.293104898856,7590.793104898855,7578.293104898854,7565.793104898853,7553.29310489885,7540.793104898847,7528.2931048988385,7515.793104898826,7503.293104898805,7490.793104898772,7478.293104898719,7465.793104898635,7453.293104898503,7440.793104898297,7428.293104897981,7415.793104897495,7403.293104896753,7390.793104895627,7378.293104893926,7365.793104891369,7353.293104887542,7340.793104881838,7328.293104873371,7315.79310486085,7303.293104842403,7290.793104815324,7278.29310477571,7265.793104717955,7253.293104634029,7240.793104512468,7228.293104336954,7215.793104084331,7203.293103721849,7190.793103203312,7178.2931024637755,7165.7931014122005,7153.293099921364,7140.793097814014,7128.293094843952,7115.793090670251,7103.293084822261,7090.793076652235,7078.29306527145,7065.793049464342,7053.293027573499,7040.792997346152,7028.292955730029,7015.792898602802,7003.292820414883,6990.792713719532,6978.292568557075,6965.7923716510195,6953.2921053626815,6940.791746337203,6928.2912637568825,6915.790617097221,6903.289753256206,6890.788602897449,6878.287075812299,6865.785055064011,6853.282389627968,6840.778885185014,6828.274292659773,6815.768294021982,6803.260484786374,6790.7503525559805,6778.237250855644,6765.720367398944,6753.198685824992,6740.670939835304,6728.135558560174,6715.590601894766,6703.033684475529,6690.461886926988,6677.87165300879,6665.258671346011,6652.617740546509,6639.942616713119,6627.225842661695,6614.458558574271,6601.630294364504,6588.728744722167,6575.73952864264,6562.645936238498,6549.428666767757,6536.06556308212,6522.531349071984,6508.797378123238,6494.831402049791,6480.597371356218,6466.055278933171,6451.161060297438,6435.866564151673,6420.119607242986,6403.864127131765,6387.040445437193,6369.585652314865,6351.434120282292,6332.518152013623,6312.7687623960555,6292.116590052463,6270.492927824622,6247.830855580429,6224.06645242115,6199.140059242191,6172.9975570082415,6145.591621432159,6116.882911389549,6086.84114672451,6055.446031415486,6022.687980593869,5988.568614743277,5953.100991513556,5916.3095547617395,5878.229791321493,5838.907598089233,5798.3983746557515,5756.765869171637,5714.080816635389,5670.419418573769,5625.861720461866,5580.489947662529,5534.386861800119,5487.634197201727,5440.311231470258,5392.493535775854,5344.25193966423,5295.651732855078,5246.752113520501,5197.605879802284,5148.259349706976,5098.752484742785,5049.119185278671,4999.387720931777,4949.581257398055,4899.71844187082,4849.814012179615,4799.87939951386,4749.923300473751,4699.952200597283,4649.970837874018,4599.982600594256,4549.989858845676,4499.99423284979,4449.996804058135,4399.99827655341,4349.99909696453,4299.999541004059,4249.999774091044,4199.999892544844,4149.999950710679,4099.9999782493005,4049.999990790512,3999.9999962696415,3949.9999985593176,3899.999999471499,3849.999999816639,3799.9999999401325,3749.999999981711,3699.9999999948077,3649.999999998641,3599.9999999996753,3549.9999999999304,3499.9999999999873,3449.999999999998,3400.0,3350.0,3300.0,3250.0,3200.0,3150.0,3100.0,3050.0,3000.0,2950.0,2900.0,2850.0,2800.0,2750.0,2700.0,2650.0,2600.0,2550.0,2500.0,2450.0,2400.0,2350.0,2300.0,2250.0,2200.0,2150.0,2100.0,2050.0,2000.0,1950.0,1900.0,1850.0,1800.0,1750.0,1700.0,1650.0,1600.0,1550.0,1500.0,1450.0,1400.0,1350.0,1300.0,1250.0,1200.0,1150.0,1100.0,1050.0,1000.0,950.0,900.0,850.0,800.0,750.0,700.0,650.0,600.0,550.0,500.0,450.0,400.0,350.0,300.0,250.0,200.0,150.0,100.0,50.0,0.0
64,11009.566078198655,10997.335289098888,10985.094435740026,10972.843824113883,10960.583753727658,10948.314517639401,10936.036402497015,10923.749688580658,10911.454649848447,10899.15155398535,10886.840662455117,10874.522230555176,10862.196507474331,10849.86373635317,10837.524154347051,10825.17799269154,10812.82547677019,10800.466826184518,10788.102254826104,10775.73197095063,10763.356177253783,10750.975070948894,10738.588843846168,10726.197682433434,10713.801767958254,10701.4012765113,10688.996379110877,10676.587241788478,10664.174025675275,10651.756887089407,10639.335977623996,10626.911444235753,10614.483429334086,10602.052070870617,10589.617502428993,10577.179853314901,10564.739248646205,10552.295809443092,10539.849652718163,10527.400891566363,10514.949635254681,10502.495989311532,10490.040055615744,10477.581932485082,10465.121714764231,10452.659493912171,10440.195358088884,10427.72939224131,10415.261678188524,10402.79229470605,10390.321317609267,10377.84881983586,10365.374871527265,10352.899540109065,10340.422890370271,10327.944984541498,10315.46588237195,10302.9856412052,10290.504316053753,10278.021959672318,10265.538622629805,10253.05435338,10240.569198330908,10228.083201912748,10215.596406644565,10203.108853199465,10190.620580468461,10178.131625622911,10165.642024175544,10153.151810040074,10140.66101558939,10128.169671712343,10115.677807869091,10103.185452145059,10090.692631303466,10078.199370836459,10065.70569501485,10053.211626936478,10040.717188573166,10028.222400816358,10015.727283521372,10003.231855550335,9990.736134813804,9978.240138311072,9965.743882169205,9953.247381680809,9940.75065134055,9928.253704880459,9915.75655530403,9903.259214919131,9890.761695369782,9878.264007666763,9865.76616221714,9853.268168852694,9840.770036857288,9828.27177499319,9815.773391526396,9803.274894250952,9790.77629051232,9778.277587229812,9765.778790918097,9753.279907707825,9740.780943365406,9728.281903311921,9715.782792641252,9703.283616137403,9690.784378291071,9678.285083315473,9665.785735161457,9653.286337531925,9640.786893895598,9628.28740750012,9615.787881384555,9603.288318391278,9590.788721177292,9578.289092224994,9565.789433852395,9553.289748222844,9540.790037354243,9528.290303127802,9515.79054729633,9503.290771492095,9490.79097723427,9478.291165935978,9465.791338910953,9453.291497379838,9440.791642476135,9428.291775251824,9415.791896682664,9403.292007673186,9390.792109061405,9378.292201623257,9365.792286076765,9353.29236308598,9340.792433264658,9328.292497179735,9315.792555354572,9303.292608272022,9290.792656377282,9278.292700080576,9265.792739759676,9253.292775762242,9240.792808408025,9228.292837990919,9215.792864780879,9203.292889025715,9190.79291095276,9178.292930770422,9165.792948669638,9153.292964825221,9140.792979397122,9128.292992531584,9115.793004362235,9103.293015011088,9090.79302458948,9078.293033198936,9065.793040931958,9053.293047872785,9040.793054098063,9028.29305967749,9015.793064674392,9003.293069146273,8990.793073145305,8978.29307671879,8965.793079909585,8953.29308275649,8940.793085294605,8928.293087555658,8915.79308956831,8903.293091358428,8890.793092949343,8878.293094362083,8865.79309561558,8853.293096726868,8840.793097711265,8828.293098582528,8815.79309935301,8803.293100033785,8790.793100634783,8778.293101164887,8765.793101632053,8753.293102043388,8740.79310240524,8728.293102723273,8715.793103002541,8703.293103247539,8690.793103462274,8678.293103650307,8665.7931038148,8653.293103958564,8640.793104084089,8628.293104193579,8615.793104288989,8603.293104372045,8590.793104444274,8578.293104507022,8565.793104561477,8553.293104608685,8540.793104649567,8528.293104684932,8515.793104715493,8503.293104741872,8490.793104764614,8478.293104784201,8465.79310480105,8453.293104815528,8440.793104827952,8428.2931048386,8415.793104847717,8403.293104855511,8390.793104862169,8378.293104867846,8365.793104872682,8353.293104876797,8340.793104880291,8328.293104883256,8315.793104885766,8303.29310488789,8290.793104889684,8278.293104891198,8265.793104892473,8253.293104893544,8240.793104894445,8228.293104895198,8215.793104895829,8203.293104896356,8190.793104896797,8178.293104897162,8165.793104897466,8153.293104897719,8140.793104897928,8128.293104898101,8115.793104898243,8103.29310489836,8090.7931048984565,8078.293104898535,8065.793104898598,8053.29310489865,8040.793104898693,8028.2931048987275,8015.793104898756,8003.2931048987775,7990.793104898795,7978.293104898808,7965.79310489882,7953.293104898829,7940.793104898837,7928.293104898842,7915.793104898847,7903.29310489885,7890.793104898852,7878.293104898853,7865.793104898854,7853.293104898854,7840.793104898855,7828.293104898856,7815.793104898856,7803.293104898856,7790.793104898856,7778.293104898856,7765.793104898856,7753.293104898856,7740.793104898856,7728.293104898856,7715.793104898856,7703.293104898855,7690.793104898854,7678.293104898852,7665.79310489885,7653.293104898847,7640.793104898839,7628.293104898828,7615.793104898808,7603.2931048987775,7590.79310489873,7578.293104898655,7565.793104898537,7553.2931048983555,7540.793104898075,7528.293104897648,7515.793104896998,7503.2931048960145,7490.793104894533,7478.293104892313,7465.793104888999,7453.293104884071,7440.793104876773,7428.293104866005,7415.793104850171,7403.293104826972,7390.793104793094,7378.293104743786,7365.793104672248,7353.2931045687865,7340.7931044196175,7328.293104205207,7315.793103897946,7303.293103458938,7290.793102833546,7278.293101945244,7265.793100687176,7253.293098910576,7240.793096408952,7228.29309289654,7215.793087979066,7203.29308111418,7190.793071558108,7178.293058293955,7165.793039935676,7153.293014599902,7140.792979735461,7128.292931897424,7115.792866448696,7103.292777167364,7090.792655731926,7078.292491048968,7065.7922683784045,7053.291968199734,7040.791564748447,7028.291024134212,7015.790301931221,7003.289340105559,6990.788063113898,6978.28637297159,6965.784143045732,6953.281210279165,6940.777365494318,6928.272341360667,6915.76579753632,6903.257302412868,6890.746310803754,6878.232136821134,6865.713921086288,6853.190591316933,6840.660815234922,6828.122944644852,6815.5749494544,6803.0143403486245,6790.438078802483,6777.842473129436,6765.223059331885,6752.57446565498,6739.890259963948,6727.162779381386,6714.382942049654,6701.540041437613,6688.621524300954,6675.612754237403,6662.496763752641,6649.25399886264,6635.862061486783,6622.295456205809,6608.525349329499,6594.5193495870135,6580.241321050789,6565.651240051787,6550.705108747356,6535.35493856154,6519.548816825642,6503.2310694996095,6486.342531756233,6468.820936380702,6450.601427324211,6431.617202333557,6411.800284384821,6391.082416756019,6369.396071115982,6346.6755521795,6322.85817653438,6297.885497488331,6271.704542555512,6244.269025868833,6215.540494729423,6185.489368026686,6154.095824663823,6121.350502603136,6087.254973790787,6051.821966987704,6015.075319232132,5977.049646950707,5937.7897391396755,5897.349686957858,5855.791775826483,5813.185176997214,5769.60448482279,5725.128153010192,5679.836887446616,5633.812054431365,5587.134161200202,5539.881460600285,5492.128723998843,5443.946216527429,5395.398897279004,5346.545854893778,5297.439976932477,5248.127840344454,5198.649800886625,5149.040252066274,5099.328019389762,5049.536853500853,4999.68598606993,4949.790714741805,4899.86298761279,4849.9119630459645,4799.944526578069,4749.965752682388,4699.979304767492,4649.987771660967,4599.992942727678,4549.9960266096805,4499.997820369572,4449.998836681009,4399.999396808609,4349.999696652689,4299.999852301319,4249.999930511594,4199.999968478344,4149.99998624601,4099.9999942427185,4049.999997694925,3999.999999120207,3949.9999996810966,3899.999999890694,3849.999999964749,3799.999999989365,3749.9999999970187,3699.9999999992297,3649.9999999998186,3599.999999999962,3549.999999999993,3499.999999999999,3450.0,3400.0,3350.0,3300.0,3250.0,3200.0,3150.0,3100.0,3050.0,3000.0,2950.0,2900.0,2850.0,2800.0,2750.0,2700.0,2650.0,2600.0,2550.0,2500.0,2450.0,2400.0,2350.0,2300.0,2250.0,2200.0,2150.0,2100.0,2050.0,2000.0,1950.0,1900.0,1850.0,1800.0,1750.0,1700.0,1650.0,1600.0,1550.0,1500.0,1450.0,1400.0,1350.0,1300.0,1250.0,1200.0,1150.0,1100.0,1050.0,1000.0,950.0,900.0,850.0,800.0,750.0,700.0,650.0,600.0,550.0,500.0,450.0,400.0,350.0,300.0,250.0,200.0,150.0,100.0,50.0,0.0
65,11086.556780569439,11074.2480573995,11061.931793139442,11049.60823414228,11037.277620855017,11024.940187878972,11012.596164032524,11000.245772416063,10987.889230479132,10975.526750089552,10963.158537604488,10950.7847939433,10938.405714662074,10926.02149002973,10913.632305105584,10901.238339818256,10888.839769045817,10876.436762697072,10864.029485793846,10851.618098554201,10839.202756476468,10826.783610423976,10814.360806710398,10801.934487185616,10789.504789321989,10777.071846300954,10764.635787099853,10752.196736578895,10739.754815568185,10727.310140954714,10714.862825769238,10702.412979272958,10689.960707043943,10677.506111063201,10665.049289800336,10652.590338298718,10640.129348260109,10627.666408128665,10615.201603174277,10602.735015575156,10590.266724499652,10577.79680618722,10565.325334028495,10552.85237864443,10540.378007964451,10527.902287303592,10515.42527943856,10502.947044682698,10490.467640959829,10477.987123876916,10465.505546795543,10453.022960902174,10440.539415277164,10428.054956962507,10415.569631028311,10403.083480637957,10390.596547111956,10378.108869990485,10365.620487094566,10353.131434585926,10340.641747025495,10328.15145743055,10315.660597330509,10303.169196821369,10290.677284618792,10278.184888109829,10265.692033403315,10253.198745378913,10240.705047734844,10228.210963034262,10215.716512750358,10203.221717310136,10190.72659613692,10178.23116769157,10165.735449512471,10153.23945825425,10140.743209725293,10128.24671892405,10115.75000007415,10103.253066658348,10090.755931451346,10078.258606551459,10065.7611034112,10053.26343286677,10040.765605166498,10028.267629998241,10015.769516515762,10003.27127336413,9990.772908704139,9978.274430235806,9965.77584522092,9953.277160504715,9940.778382536668,9928.279517390441,9915.780570783014,9903.281548092995,9890.782454378172,9878.283294392306,9865.784072601195,9853.284793198016,9840.785460118006,9828.286077052471,9815.786647462144,9803.287174589947,9790.787661473134,9778.288110954882,9765.788525695305,9753.288908181952,9740.789260739784,9728.289585540659,9715.789884612332,9703.290159847022,9690.790413009518,9678.290645744877,9665.79085958572,9653.291055959135,9640.791236193218,9628.291401523258,9615.791553097593,9603.291691983126,9590.791819170547,9578.291935579262,9565.79204206204,9553.29213940938,9540.792228353648,9528.29230957296,9515.792383694828,9503.292451299607,9490.792512923712,9478.292569062658,9465.792620173908,9453.292666679536,9440.792708968733,9428.292747400148,9415.792782304092,9403.292813984575,9390.792842721243,9378.292868771156,9365.792892370473,9353.292913736015,9340.79293306672,9328.292950544994,9315.792966337991,9303.292980598777,9290.792993467432,9278.293005072068,9265.793015529767,9253.293024947472,9240.793033422786,9228.293041044739,9215.793047894475,9203.293054045906,9190.793059566313,9178.293064516893,9165.793068953271,9153.293072925975,9140.793076480866,9128.293079659541,9115.793082499704,9103.293085035506,9090.793087297852,9078.293089314695,9065.793091111294,9053.29309271046,9040.79309413278,9028.293095396812,9015.793096519279,9003.293097515236,8990.793098398228,8978.293099180428,8965.79309987277,8953.293100485069,8940.793101026124,8928.293101503818,8915.793101925212,8903.29310229662,8890.793102623687,8878.293102911455,8865.793103164418,8853.293103386588,8840.793103581536,8828.293103752441,8815.793103902131,8803.293104033115,8790.793104147624,8778.293104247634,8765.793104334894,8753.29310441096,8740.7931044772,8728.293104534825,8715.793104584907,8703.293104628388,8690.7931046661,8678.293104698772,8665.793104727049,8653.293104751496,8640.793104772609,8628.293104790822,8615.793104806517,8603.293104820026,8590.79310483164,8578.293104841614,8565.793104850169,8553.293104857497,8540.79310486377,8528.29310486913,8515.793104873705,8503.293104877604,8490.793104880924,8478.293104883747,8465.793104886145,8453.293104888176,8440.793104889899,8428.293104891354,8415.793104892584,8403.29310489362,8390.793104894494,8378.293104895227,8365.793104895842,8353.293104896358,8340.79310489679,8328.29310489715,8315.79310489745,8303.2931048977,8290.793104897908,8278.29310489808,8265.793104898223,8253.293104898341,8240.793104898437,8228.293104898517,8215.793104898583,8203.293104898637,8190.793104898682,8178.2931048987175,8165.793104898747,8153.29310489877,8140.793104898789,8128.293104898805,8115.793104898817,8103.293104898826,8090.793104898833,8078.293104898839,8065.793104898844,8053.293104898848,8040.79310489885,8028.293104898852,8015.793104898853,8003.293104898854,7990.793104898855,7978.293104898856,7965.793104898856,7953.293104898856,7940.793104898856,7928.293104898856,7915.793104898856,7903.293104898856,7890.793104898856,7878.293104898856,7865.793104898856,7853.293104898856,7840.793104898856,7828.293104898856,7815.793104898855,7803.293104898854,7790.793104898852,7778.29310489885,7765.793104898846,7753.293104898839,7740.793104898829,7728.293104898812,7715.793104898785,7703.293104898741,7690.793104898674,7678.293104898569,7665.793104898408,7653.293104898162,7640.793104897786,7628.293104897218,7615.79310489636,7603.293104895072,7590.793104893148,7578.293104890281,7565.793104886029,7553.293104879745,7540.793104870491,7528.293104856912,7515.793104837051,7503.293104808097,7490.793104766024,7478.293104705076,7465.793104617058,7453.293104490329,7440.79310430841,7428.2931040480335,7415.793103676449,7403.293103147691,7390.793102397436,7378.293101335934,7365.793099838321,7353.293097731397,7340.793094775619,7328.293090640661,7315.79308487237,7303.293076848199,7290.793065717333,7278.293050320486,7265.793029082864,7253.292999871773,7240.79295980787,7228.292905015837,7215.792830296214,7203.2927286950035,7190.792590941312,7178.292404715259,7165.792153698592,7153.291816348217,7140.791364318029,7128.2907604363245,7115.789956124202,7103.288888114192,7090.787474297162,7078.285608488764,7065.783153863631,7053.279934755672,7040.775726465612,7028.270242652059,7015.7631198098,7003.253898258932,6990.741998981544,6978.226695550221,6965.707080296688,6953.182023772242,6940.650126458197,6928.109661599461,6915.5585079640005,6902.9940712831485,6890.413193111896,6877.812045875168,6865.186012947854,6852.529552766272,6839.8360462006585,6827.0976267463375,6814.304993528727,6801.4472076760685,6788.511473302484,6775.482905167356,6762.344286033758,6749.075817830113,6735.654871907585,6722.055744952531,6708.249428418279,6694.2034006307495,6679.881451932001,6665.243554276989,6650.245787503189,6634.8403349545915,6618.975561161828,6602.596183762117,6585.643550698593,6568.056031897575,6549.7695320389175,6530.718127697133,6510.834828070055,6490.052453806553,6468.304623228284,6445.52682970055,6421.657588285117,6396.639624390733,6370.421072247085,6342.956647005841,6314.20875145617,6284.148477043508,6252.7564593575935,6220.023550688501,6185.951276713179,6150.552050823222,6113.849127855658,6075.87628872361,6036.677258215088,5996.304869479469,5954.819999819262,5912.290312680667,5868.78884953485,5824.392522072486,5779.180559322182,5733.23296563417,5686.629043821723,5639.446033212081,5591.75790522396,5543.634349847634,5495.139975696426,5446.333734865422,5397.2685724518415,5347.991290009904,5298.542603087331,5248.957365830208,5199.264930773791,5149.489609481308,5099.651199572854,5049.765545644856,4999.845105219781,4949.899495697757,4899.936003782723,4849.960044519481,4799.975562460893,4749.9853722394,4699.991439711308,4649.995107761649,4599.997272795619,4549.998518981559,4499.999217593546,4449.999598506082,4399.999800203555,4349.999903754422,4299.999955207525,4249.999979903456,4199.9999913285665,4149.999996411122,4099.999998579526,4049.9999994641257,3999.999999808044,3949.999999934991,3899.9999999792885,3849.999999993828,3799.9999999982915,3749.9999999995644,3699.999999999899,3649.999999999979,3599.9999999999964,3549.9999999999995,3500.0,3450.0,3400.0,3350.0,3300.0,3250.0,3200.0,3150.0,3100.0,3050.0,3000.0,2950.0,2900.0,2850.0,2800.0,2750.0,2700.0,2650.0,2600.0,2550.0,2500.0,2450.0,2400.0,2350.0,2300.0,2250.0,2200.0,2150.0,2100.0,2050.0,2000.0,1950.0,1900.0,1850.0,1800.0,1750.0,1700.0,1650.0,1600.0,1550.0,1500.0,1450.0,1400.0,1350.0,1300.0,1250.0,1200.0,1150.0,1100.0,1050.0,1000.0,950.0,900.0,850.0,800.0,750.0,700.0,650.0,600.0,550.0,500.0,450.0,400.0,350.0,300.0,250.0,200.0,150.0,100.0,50.0,0.0
66,11162.952140895028,11150.585927950087,11138.214165151268,11125.837046374489,11113.454760321096,11101.067490592442,11088.675415765765,11076.278709471288,11063.877540470417,11051.472072734958,11039.062465527231,11026.648873481001,11014.231446683103,11001.8103307557,10989.385666939044,10976.957592174687,10964.526239189005,10952.091736576996,10939.654208886233,10927.213776700903,10914.77055672584,10902.324661870492,10889.876201332725,10877.425280682404,10864.972001944674,10852.516463682865,10840.058761080978,10827.598986025652,10815.137227187592,10802.673570102355,10790.20809725048,10777.74088813687,10765.272019369419,10752.801564736776,10740.32959528527,10727.856179394885,10715.381382854304,10702.90526893493,10690.427898463891,10677.949329895971,10665.469619384452,10652.988820850811,10640.50698605329,10628.024164654273,10615.540404286476,10603.055750617907,10590.570247415611,10578.083936608158,10565.59685834686,10553.109051065743,10540.62055154021,10528.131394944436,10515.641614907467,10503.151243568016,10490.660311627984,10478.168848404654,10465.676881881618,10453.18443875841,10440.691544498837,10428.198223378049,10415.704498528332,10403.21039198364,10390.715924722877,10378.221116711935,10365.725986944506,10353.230553481691,10340.734833490398,10328.238843280562,10315.742598341196,10303.246113375299,10290.749402333626,10278.252478447346,10265.755354259616,10253.258041656065,10240.760551894242,10228.262895632019,10215.765082954988,10203.267123402868,10190.769025994947,10178.27079925457,10165.772451232704,10153.27398953062,10140.775421321667,10128.27675337221,10115.777992061734,10103.279143402122,10090.780213056163,10078.281206355277,10065.782128316514,10053.282983658813,10040.783776818578,10028.284511964563,10015.785193012107,10003.285823636737,9990.78640728715,9978.286947197612,9965.787446399772,9953.287907733935,9940.788333859793,9928.288727266658,9915.789090283175,9903.289425086587,9890.789733711525,9878.290018058366,9865.790279901168,9853.290520895202,9840.790742584079,9828.290946406538,9815.791133702844,9803.291305720864,9790.791463621812,9778.291608485677,9765.791741316361,9753.291863046526,9740.791974542171,9728.292076606953,9715.792169986256,9703.292255371034,9690.792333401418,9678.292404670117,9665.792469725624,9653.292529075221,9640.792583187796,9628.292632496508,9615.792677401272,9603.292718271085,9590.792755446224,9578.292789240293,9565.792819942135,9553.292847817633,9540.792873111379,9528.29289604825,9515.792916834862,9503.29293566094,9490.79295270059,9478.292968113481,9465.792982045952,9453.29299463204,9440.793005994437,9428.293016245372,9415.793025487445,9403.293033814381,9390.793041311757,9378.293048057643,9365.793054123222,9353.29305957335,9340.793064467081,9328.29306885815,9315.793072795412,9303.293076323263,9290.793079482017,9278.293082308252,9265.793084835133,9253.293087092716,9240.793089108209,9228.293090906234,9215.793092509053,9203.293093936776,9190.79309520756,9178.293096337788,9165.793097342224,9153.293098234171,9140.7930990256,9128.293099727282,9115.793100348892,9103.293100899122,9090.79310138577,9078.293101815829,9065.793102195561,9053.293102530575,9040.793102825886,9028.293103085978,9015.79310331485,9003.293103516076,8990.793103692838,8978.293103847975,8965.793103984006,8953.293104103179,8940.793104207485,8928.293104298695,8915.79310437838,8903.293104447928,8890.793104508572,8878.2931045614,8865.793104607375,8853.293104647346,8840.793104682063,8828.293104712186,8815.793104738295,8803.293104760902,8790.793104780458,8778.293104797354,8765.793104811939,8753.293104824512,8740.79310483534,8728.293104844655,8715.79310485266,8703.293104859531,8690.793104865423,8678.293104870467,8665.793104874781,8653.293104878467,8640.793104881612,8628.293104884291,8615.793104886572,8603.29310488851,8590.793104890154,8578.293104891547,8565.793104892728,8553.293104893726,8540.793104894568,8528.293104895278,8515.793104895876,8503.293104896378,8490.793104896798,8478.293104897151,8465.793104897446,8453.293104897693,8440.793104897899,8428.29310489807,8415.793104898212,8403.29310489833,8390.793104898426,8378.293104898506,8365.793104898572,8353.293104898627,8340.79310489867,8328.293104898707,8315.793104898738,8303.293104898761,8290.793104898781,8278.293104898798,8265.79310489881,8253.293104898821,8240.79310489883,8228.293104898836,8215.793104898841,8203.293104898845,8190.7931048988485,8178.293104898851,8165.793104898853,8153.293104898854,8140.793104898854,8128.293104898855,8115.793104898856,8103.293104898856,8090.793104898856,8078.293104898856,8065.793104898856,8053.293104898856,8040.793104898856,8028.293104898856,8015.793104898856,8003.293104898856,7990.793104898856,7978.293104898856,7965.793104898856,7953.293104898856,7940.793104898856,7928.293104898855,7915.793104898854,7903.293104898852,7890.79310489885,7878.293104898847,7865.79310489884,7853.29310489883,7840.793104898815,7828.29310489879,7815.793104898752,7803.293104898692,7790.793104898599,7778.293104898457,7765.793104898241,7753.293104897912,7740.793104897415,7728.293104896668,7715.793104895551,7703.2931048938835,7690.793104891407,7678.293104887742,7665.793104882336,7653.293104874391,7640.793104862753,7628.293104845761,7615.79310482103,7603.293104785149,7590.793104733248,7578.293104658399,7565.793104550774,7553.293104396471,7540.793104175885,7528.293103861441,7515.793103414471,7503.29310278091,7490.7931018853715,7478.293100623052,7465.793098848667,7453.2930963614,7440.79309288448,7428.2930880375625,7415.793081299507,7403.293071958355,7390.793059044339,7378.2930412404785,7365.793016763623,7353.29298320676,7340.792937330655,7328.292874789538,7315.792789771205,7303.292674526572,7290.792518756932,7278.29230881886,7265.792026696409,7253.291648677559,7240.791143656526,7228.290470964836,7215.789577611641,7203.288394786958,7190.7868334497125,7178.284778785232,7165.782083273303,7153.278558057842,7140.773962252053,7128.267989748435,7115.760253031258,7103.250263410457,7090.737407011113,7078.220915763294,7065.699832545044,7053.172969539867,7040.638858783046,7028.095693793849,7015.541261129501,7002.972860659542,6990.387213355083,6977.780355427018,6965.147517742138,6952.482989609107,6939.77996627036,6927.030379774448,6914.224713348238,6901.351799950137,6888.398606371547,6875.350005067025,6862.188536831567,6848.894168495779,6835.444050957801,6821.8122840854885,6807.969696263392,6793.883647574253,6779.517866730226,6764.832332829704,6749.783213727406,6734.322873177824,6718.3999588524575,6701.9595827503235,6684.94360433882,6667.291024915521,6648.93849913245,6629.820966367325,6609.872400695733,6589.026673694332,6567.21851931861,6544.384584830666,6520.464546433049,6495.402263165548,6469.146938045979,6441.654251701226,6412.887431155366,6382.818215304892,6351.427679153614,6318.706881263721,6284.657303169849,6249.291055651197,6212.630834589215,6174.709618355208,6135.570108854758,6095.263928985905,6053.850599756722,6011.396330033975,5967.972660248686,5923.655007816706,5878.5211660985615,5832.649810124637,5786.1190609270925,5739.005156220015,5691.381268618308,5643.316504024537,5594.8751028251145,5546.1158558025945,5497.091735908763,5447.849736952105,5398.430901452369,5348.870512894833,5299.198422702335,5249.439479574462,5199.614028375133,5149.738447268957,5099.82569496506,5049.885844285265,4999.926583350751,4949.953671003745,4899.971338224766,4849.982631930052,4799.9897013992095,4749.994030559019,4699.99662140673,4649.99813505181,4599.998997308,4549.999475634441,4499.999733675337,4449.99986884459,4399.999937485625,4349.999971216828,4299.999987226132,4249.999994548808,4199.9999977690495,4149.999999126978,4099.99999967443,4049.9999998847343,3999.9999999614242,3949.9999999878573,3899.9999999964257,3849.9999999990227,3799.999999999754,3749.9999999999436,3699.9999999999886,3649.999999999998,3600.0,3550.0,3500.0,3450.0,3400.0,3350.0,3300.0,3250.0,3200.0,3150.0,3100.0,3050.0,3000.0,2950.0,2900.0,2850.0,2800.0,2750.0,2700.0,2650.0,2600.0,2550.0,2500.0,2450.0,2400.0,2350.0,2300.0,2250.0,2200.0,2150.0,2100.0,2050.0,2000.0,1950.0,1900.0,1850.0,1800.0,1750.0,1700.0,1650.0,1600.0,1550.0,1500.0,1450.0,1400.0,1350.0,1300.0,1250.0,1200.0,1150.0,1100.0,1050.0,1000.0,950.0,900.0,850.0,800.0,750.0,700.0,650.0,600.0,550.0,500.0,450.0,400.0,350.0,300.0,250.0,200.0,150.0,100.0,50.0,0.0
67,11238.915044927415,11226.507169036007,11214.095280578755,11201.679528823674,11189.260058657293,11176.837010664498,11164.410521208802,11151.98072251297,11139.54774273992,11127.111706073803,11114.672732801198,11102.23093939233,11089.786438582243,11077.339339451857,11064.889747508834,11052.437764768183,11039.983489832537,11027.527017972041,11015.068441203795,11002.607848370784,10990.145325220223,10977.680954481302,10965.214815942256,10952.746986526683,10940.277540369128,10927.806548889825,10915.334080868584,10902.860202517799,10890.384977554488,10877.90846727139,10865.430730607048,10852.951824214844,10840.471802531001,10827.99071784147,10815.508620347715,10803.025558231362,10790.541577717702,10778.05672313801,10765.571036990688,10753.084560001213,10740.597331180852,10728.109387884191,10715.620765865402,10703.131499333305,10690.641621005176,10678.151162159316,10665.660152686394,10653.16862113953,10640.67659478316,10628.184099640652,10615.6911605407,10603.197801162509,10590.704044079735,10578.20991080326,10565.715421822735,10553.220596646966,10540.725453843115,10528.230011074747,10515.734285138737,10503.238292001033,10490.742046831332,10478.24556403663,10465.748857293713,10453.251939580576,10440.754823206806,10428.257519842928,10415.760040548763,10403.262395800784,10390.764595518516,10378.266649089985,10365.768565396247,10353.270352835014,10340.77201934339,10328.273572419761,10315.77501914482,10303.276366201797,10290.777619895887,10278.278786172888,10265.779870637105,10253.280878568497,10240.781814939142,10228.282684428978,10215.7834914409,10203.284240115197,10190.784934343359,10178.285577781275,10165.786173861841,10153.286725807015,10140.787236639291,10128.287709192678,10115.788146123135,10103.288549918532,10090.788922908136,10078.289267271623,10065.789585047674,10053.289878142126,10040.790148335722,10028.290397291476,10015.790626561662,10003.290837594439,9990.791031740135,9978.291210257195,9965.791374317825,9953.291525013321,9940.791663359114,9928.291790299547,9915.791906712375,9903.292013413022,9890.792111158597,9878.292200651676,9865.792282543884,9853.29235743924,9840.79242589734,9828.292488436318,9815.792545535667,9803.292597638856,9790.792645155812,9778.292688465232,9765.792727916765,9753.292763833058,9740.792796511663,9728.292826226823,9715.79285323116,9703.292877757232,9690.792900019005,9678.29292021322,9665.792938520664,9653.292955107372,9640.792970125733,9628.292983715522,9615.792996004871,9603.293007111162,9590.793017141861,9578.293026195297,9565.793034361375,9553.293041722252,9540.793048352953,9528.293054321943,9515.793059691665,9503.29306451903,9490.793068855874,9478.293072749371,9465.79307624244,9453.293079374085,9440.793082179736,9428.293084691557,9415.79308693872,9403.293088947672,9390.793090742369,9378.293092344491,9365.793093773655,9353.29309504759,9340.793096182306,9328.29309719226,9315.793098090488,9303.293098888738,9290.793099597593,9278.293100226572,9265.79310078424,9253.29310127829,9240.79310171563,9228.293102102458,9215.793102444331,9203.293102746225,9190.793103012595,9178.293103247424,9165.793103454274,9153.293103636322,9140.793103796406,9128.293103937054,9115.793104060518,9103.293104168799,9090.793104263681,9078.293104346749,9065.793104419407,9053.293104482898,9040.79310453833,9028.29310458668,9015.793104628814,9003.293104665494,8990.793104697395,8978.293104725113,8965.793104749173,8953.293104770037,8940.79310478811,8928.29310480375,8915.79310481727,8903.293104828947,8890.793104839018,8878.293104847698,8865.793104855169,8853.293104861594,8840.79310486711,8828.293104871844,8815.7931048759,8803.29310487937,8790.793104882338,8778.293104884871,8765.793104887032,8753.293104888873,8740.79310489044,8728.293104891769,8715.793104892899,8703.293104893855,8690.793104894665,8678.293104895349,8665.793104895925,8653.293104896411,8640.79310489682,8628.293104897164,8615.793104897451,8603.293104897693,8590.793104897895,8578.293104898064,8565.793104898205,8553.293104898321,8540.793104898417,8528.293104898497,8515.793104898565,8503.29310489862,8490.793104898665,8478.293104898701,8465.793104898732,8453.293104898758,8440.793104898778,8428.293104898794,8415.793104898807,8403.293104898818,8390.793104898827,8378.293104898834,8365.79310489884,8353.293104898843,8340.793104898847,8328.29310489885,8315.793104898852,8303.293104898854,8290.793104898854,8278.293104898854,8265.793104898856,8253.293104898856,8240.793104898856,8228.293104898856,8215.793104898856,8203.293104898856,8190.793104898856,8178.293104898856,8165.793104898856,8153.293104898856,8140.793104898856,8128.293104898856,8115.793104898856,8103.293104898856,8090.793104898856,8078.293104898856,8065.793104898856,8053.293104898856,8040.793104898855,8028.293104898854,8015.793104898852,8003.29310489885,7990.793104898847,7978.293104898841,7965.793104898832,7953.293104898818,7940.793104898796,7928.293104898761,7915.793104898708,7903.293104898627,7890.793104898502,7878.293104898312,7865.7931048980245,7853.293104897592,7840.793104896942,7828.293104895973,7815.793104894531,7803.293104892394,7790.793104889237,7778.293104884591,7765.793104877775,7753.293104867807,7740.793104853279,7728.293104832168,7715.7931048015835,7703.293104757405,7690.793104693779,7678.293104602409,7665.79310447157,7653.293104284741,7640.793104018708,7628.2931036409445,7615.793103106005,7603.29310235057,7590.7931012866675,7578.293099792425,7565.793097699478,7553.293094775903,7540.7930907031405,7528.293085044881,7515.793077205282,7503.293066373002,7490.793051446497,7478.293030934638,7465.7930028249375,7453.2929644093965,7440.792912055171,7428.292840903581,7415.792744476506,7403.292614163474,7390.7924385557435,7378.292202584915,7365.791886412899,7353.291464006937,7340.790901317464,7328.290153957369,7315.789164258212,7303.287857551588,7290.786137491536,7278.2838801961125,7265.780926942512,7253.277075099792,7240.77206692628,7228.265575794718,7215.7571893373815,7203.246388926328,7190.732524821398,7178.21478623234,7165.692165453566,7153.163415143838,7140.626997742633,7128.081025945399,7115.523193107752,7102.950692421655,7090.360123713809,7077.7473867680765,7065.107560181069,7052.43476493512,7039.7220121281025,7026.961034647098,7014.142103023837,7001.253826273226,6988.282939198214,6975.214078446292,6962.029550521035,6948.709095975045,6935.229655118523,6921.565141741266,6907.686232524731,6893.560180963974,6879.150665664556,6864.41768375486,6849.3175007794935,6833.802668729283,6817.82212373116,6801.321374284496,6784.242789716536,6766.525996682748,6748.108389026676,6728.925753137832,6708.913007143214,6688.005047919101,6666.137695142469,6643.248716590606,6619.278913862603,6594.17324289454,6567.88193935603,6540.361615546512,6511.5762930470455,6481.498334392865,6450.109237630364,6417.400259955835,6383.3728407580575,6348.038800252394,6311.420297334938,6273.549539018679,6234.468243448143,6194.226868541078,6152.883628227398,6110.50332746889,6067.156055181058,6022.915780328141,5977.8589004075975,5932.062792998489,5885.604419898416,5838.559029672196,5790.998998417299,5742.992840614582,5694.604412610855,5645.892321197173,5596.909539569232,5547.70322333587,5498.314710762976,5448.779684573846,5399.128467695323,5349.386422495812,5299.57442228929,5249.709365004119,5199.804701633106,5149.870955997254,5099.916217029448,5049.94658977363,4999.966596196508,4949.979521389272,4899.987704553777,4849.992777177502,4799.995852955794,4749.99767535257,4699.998729298411,4649.999323545011,4599.999649782021,4549.999823929602,4499.999914183868,4449.999959523146,4399.999981560666,4349.999991904504,4299.999996582875,4249.999998616941,4199.999999464833,4149.999999802689,4099.9999999309475,4049.99999997716,3999.9999999928955,3949.9999999979336,3899.999999999442,3849.9999999998613,3799.9999999999686,3749.9999999999936,3699.999999999999,3650.0,3600.0,3550.0,3500.0,3450.0,3400.0,3350.0,3300.0,3250.0,3200.0,3150.0,3100.0,3050.0,3000.0,2950.0,2900.0,2850.0,2800.0,2750.0,2700.0,2650.0,2600.0,2550.0,2500.0,2450.0,2400.0,2350.0,2300.0,2250.0,2200.0,2150.0,2100.0,2050.0,2000.0,1950.0,1900.0,1850.0,1800.0,1750.0,1700.0,1650.0,1600.0,1550.0,1500.0,1450.0,1400.0,1350.0,1300.0,1250.0,1200.0,1150.0,1100.0,1050.0,1000.0,950.0,900.0,850.0,800.0,750.0,700.0,650.0,600.0,550.0,500.0,450.0,400.0,350.0,300.0,250.0,200.0,150.0,100.0,50.0,0.0
68,11314.569266549164,11302.131721828402,11289.691326411697,11277.248192810366,11264.802429938485,11252.35414319115,11239.903434522525,11227.450402523587,11214.995142499549,11202.537746546852,11190.078303629703,11177.616899656077,11165.15361755317,11152.688537342203,11140.221736212576,11127.753288595286,11115.28326623559,11102.811738264872,11090.338771271658,11077.864429371753,11065.388774277479,11052.911865365943,11040.433759746353,11027.954512326314,11015.474175877112,11002.992801097922,10990.51043667896,10978.027129363532,10965.54292400898,10953.057863646489,10940.57198953976,10928.085341242528,10915.597956654918,10903.109872078632,10890.621122270955,10878.131740497576,10865.641758584228,10853.15120696714,10840.6601147423,10828.168509713532,10815.676418439385,10803.18386627885,10790.6908774359,10778.197475002855,10765.703681002597,10753.209516429626,10740.715001289984,10728.220154640032,10715.724994624128,10703.22953851118,10690.733802730121,10678.2378029043,10665.741553884805,10653.245069782755,10640.748364000536,10628.251449262043,10615.754337641923,10603.257040593833,10590.759568977734,10578.261933086254,10565.764142670136,10553.266206962748,10540.768134703752,10528.269934161885,10515.771613156892,10503.273179080667,10490.774638917545,10478.275999263851,10465.777266346666,10453.278446041853,10440.779543891365,10428.280565119849,10415.781514650567,10403.282397120656,10390.783216895748,10378.283978083966,10365.784684549308,10353.285339924465,10340.78594762306,10328.286510851345,10315.787032619368,10303.287515751634,10290.78796289727,10278.288376539722,10265.788759005984,10253.289112475395,10240.789438988013,10228.289740452568,10215.790018654043,10203.29027526086,10190.790511831718,10178.29072982207,10165.790930590285,10153.291115403468,10140.791285443,10128.291441809763,10115.7915855291,10103.291717555501,10090.791838777039,10078.291950019551,10065.792052050598,10053.292145583198,10040.79223127935,10028.292309753353,10015.792381574936,10003.2924472722,9990.792507334405,9978.292562214558,9965.792612331887,9953.292658074133,9940.792699799717,9928.292737839769,9915.792772500037,9903.292804062674,9890.792832787898,9878.29285891557,9865.792882666654,9853.29290424459,9840.79292383657,9828.29294161474,9815.792957737303,9803.292972349578,9790.792985584958,9778.292997565817,9765.793008404351,9753.293018203365,9740.793027056998,9728.2930350514,9715.793042265363,9703.2930487709,9690.793054633792,9678.293059914084,9665.793064666554,9653.293068941137,9640.793072783332,9628.293076234564,9615.793079332521,9603.293082111473,9590.793084602563,9578.293086834066,9565.793088831642,9553.293090618561,9540.793092215907,9528.293093642775,9515.793094916446,9503.293096052545,9490.79309706519,9478.293097967136,9465.793098769887,9453.29309948382,9440.793100118284,9428.293100681694,9415.793101181627,9403.293101624891,9390.793102017602,9378.293102365255,9365.793102672771,9353.293102944572,9340.793103184607,9328.293103396421,9315.793103583175,9303.2931037477,9290.793103892518,9278.293104019884,9265.793104131804,9253.29310423007,9240.79310431627,9228.29310439182,9215.793104457976,9203.293104515857,9190.793104566448,9178.29310461063,9165.79310464918,9153.293104682782,9140.793104712046,9128.293104737506,9115.793104759636,9103.293104778852,9090.793104795523,9078.29310480997,9065.79310482248,9053.293104833298,9040.793104842644,9028.29310485071,9015.793104857667,9003.293104863656,8990.79310486881,8978.293104873239,8965.79310487704,8953.293104880302,8940.793104883094,8928.293104885483,8915.793104887523,8903.293104889266,8890.793104890752,8878.293104892016,8865.793104893091,8853.293104894005,8840.79310489478,8828.293104895434,8815.793104895989,8803.293104896458,8790.793104896853,8778.293104897186,8765.793104897466,8753.2931048977,8740.793104897897,8728.293104898063,8715.7931048982,8703.293104898316,8690.793104898412,8678.293104898492,8665.793104898557,8653.293104898612,8640.793104898657,8628.293104898696,8615.793104898727,8603.293104898752,8590.793104898774,8578.293104898792,8565.793104898807,8553.293104898818,8540.793104898827,8528.293104898834,8515.79310489884,8503.293104898843,8490.793104898847,8478.29310489885,8465.793104898852,8453.293104898854,8440.793104898854,8428.293104898854,8415.793104898856,8403.293104898856,8390.793104898856,8378.293104898856,8365.793104898856,8353.293104898856,8340.793104898856,8328.293104898856,8315.793104898856,8303.293104898856,8290.793104898856,8278.293104898856,8265.793104898856,8253.293104898856,8240.793104898856,8228.293104898856,8215.793104898856,8203.293104898856,8190.793104898856,8178.293104898856,8165.793104898856,8153.293104898855,8140.793104898854,8128.293104898852,8115.79310489885,8103.293104898847,8090.793104898842,8078.293104898834,8065.793104898821,8053.293104898801,8040.79310489877,8028.293104898724,8015.793104898652,8003.293104898542,7990.7931048983755,7978.2931048981245,7965.793104897748,7953.293104897185,7940.7931048963455,7928.2931048950995,7915.793104893257,7903.293104890541,7890.79310488655,7878.293104880707,7865.793104872177,7853.293104859762,7840.7931048417495,7828.293104815692,7815.793104778103,7803.293104724038,7790.793104646493,7778.29310453558,7765.793104377381,7753.293104152352,7740.7931038331335,7728.293103381526,7715.793102744345,7703.293101847744,7690.7931005894825,7678.293098828395,7665.793096370123,7653.293092947821,7640.793088196164,7628.293081616424,7615.793072529707,7603.293060014534,7590.793042823785,7578.293019274568,7565.792987102639,7553.29294327064,7540.792883716342,7528.292803023287,7515.792693991402,7503.292547079223,7490.79234968194,7478.292085200406,7465.79173184507,7453.291261105225,7440.790635797552,7428.289807588166,7415.7887138588685,7403.287273760369,7390.785383262527,7378.282908973466,7365.779680455397,7353.275480714682,7340.770034486852,7328.262993873913,7315.753920821546,7303.242265848374,7290.727342359365,7278.208295792403,7265.684066763409,7253.1533472944775,7240.614529135388,7228.065643126938,7215.504288511243,7202.927551077088,7190.331909046423,7177.71312567119,7165.066127628571,7152.384868489065,7139.662176797061,7126.889588659002,7114.057165189901,7101.153295732704,7088.164488441569,7075.075150609911,7061.867362021608,7048.520645596924,7035.011740672813,7021.314385370581,7007.399115622638,6993.233089504011,6978.7799464832915,6963.999712002609,6948.848758340663,6933.279832926466,6917.242165073438,6900.681661417591,6883.541199104022,6865.761023923546,6847.279258130557,6828.032519578366,6807.956650130055,6786.987547122279,6765.062087101344,6742.119126283587,6718.1005574247065,6692.952398258807,6666.625882655012,6639.078522415484,6610.275105474938,6580.188595403363,6548.800897759681,6516.103461126497,6482.0976846226295,6446.7951092894245,6410.217377820792,6372.395955389189,6333.371613443441,6293.193687868203,6251.919132288262,6209.611396035446,6166.339163843494,6122.175000218098,6077.193945255138,6031.472110182133,5985.085319956669,5938.107846914849,5890.611273931282,5842.663518190368,5794.328037963438,5745.663235312295,5696.722058013735,5647.551794830297,5598.194050091362,5548.684876846856,5499.055042930737,5449.330401287629,5399.532334879936,5349.67824726406,5299.78207223883,5249.8547794735405,5199.904857313975,5149.938758630697,5099.961300231945,5049.9760106902595,4999.98542518401,4949.991328978747,4899.994953403719,4849.997129629935,4799.998406304076,4749.999137255581,4699.999545212751,4649.999766880493,4599.999883978964,4549.999944028326,4499.999973872786,4449.999988222426,4399.999994884185,4349.999997863866,4299.999999144857,4249.999999672771,4199.999999880708,4149.999999958727,4099.999999986506,4049.9999999958513,3999.9999999988077,3949.9999999996817,3899.999999999922,3849.9999999999827,3799.9999999999964,3749.9999999999995,3700.0,3650.0,3600.0,3550.0,3500.0,3450.0,3400.0,3350.0,3300.0,3250.0,3200.0,3150.0,3100.0,3050.0,3000.0,2950.0,2900.0,2850.0,2800.0,2750.0,2700.0,2650.0,2600.0,2550.0,2500.0,2450.0,2400.0,2350.0,2300.0,2250.0,2200.0,2150.0,2100.0,2050.0,2000.0,1950.0,1900.0,1850.0,1800.0,1750.0,1700.0,1650.0,1600.0,1550.0,1500.0,1450.0,1400.0,1350.0,1300.0,1250.0,1200.0,1150.0,1100.0,1050.0,1000.0,950.0,900.0,850.0,800.0,750.0,700.0,650.0,600.0,550.0,500.0,450.0,400.0,350.0,300.0,250.0,200.0,150.0,100.0,50.0,0.0
69,11390.006933558232,11377.548623750434,11365.088323454736,11352.626115748555,11340.162080838563,11327.69629613272,11315.228836311631,11302.759773399192,11290.289176832484,11277.817113530888,11265.343647964351,11252.868842220827,11240.392756072788,11227.915447042853,11215.43697046844,11202.957379565456,11190.476725490997,11177.99505740501,11165.51242253094,11153.028866215293,11140.544431986162,11128.059161610629,11115.573095151103,11103.086271020524,11090.598726036458,11078.110495474073,11065.621613117974,11053.132111312912,11040.642021013347,11028.151371831887,11015.660192086567,11003.168508847015,10990.67634797947,10978.183734190672,10965.69069107064,10953.197241134314,10940.703405862101,10928.209205739318,10915.714660294543,10903.219788136877,10890.724606992155,10878.229133738078,10865.73338443832,10853.237374375592,10840.741118083703,10828.2446293786,10815.747921388445,10803.251006582712,10790.753896800332,10778.256603276903,10765.75913667099,10753.26150708951,10740.763724112256,10728.265796815533,10715.767733794977,10703.269543187525,10690.771232692592,10678.272809592454,10665.774280771866,10653.275652736935,10640.776931633245,10628.2781232633,10615.779233103249,10603.280266318956,10590.781227781408,10578.282122081491,10565.782953544152,10553.283726241963,10540.784444008108,10528.285110448802,10515.785728955183,10503.286302714665,10490.786834721786,10478.287327788577,10465.787784554448,10453.288207495612,10440.78859893409,10428.288961046272,10415.789295871073,10403.28960531771,10390.78989117308,10378.290155108796,10365.790398687855,10353.290623370982,10340.790830522647,10328.291021416786,10315.791197242204,10303.29135910772,10290.791508047016,10278.291645023255,10265.791770933425,10253.291886612464,10240.79199283715,10228.292090329782,10215.792179761647,10203.292261756302,10190.792336892657,10178.292405707896,10165.792468700214,10153.292526331397,10140.792579029263,10128.292627189936,10115.792671180001,10103.292711338516,10090.792747978912,10078.29278139077,10065.792811841477,10053.2928395778,10040.792864827346,10028.292887799926,10015.792908688838,10003.292927672068,9990.792944913404,9978.292960563485,9965.792974760772,9953.29298763246,9940.792999295327,9928.29300985652,9915.79301941429,9903.293028058684,9890.793035872171,9878.293042930238,9865.793049301936,9853.293055050393,9840.793060233287,9828.293064903279,9815.793069108422,9803.293072892537,9790.793076295557,9778.29307935385,9765.793082100523,9753.293084565683,9740.793086776697,9728.293088758426,9715.793090533438,9703.293092122201,9690.793093543276,9678.293094813476,9665.793095948022,9653.293096960682,9640.793097863907,9628.293098668946,9615.793099385952,9603.293100024082,9590.793100591598,9578.293101095936,9565.793101543795,9553.2931019412,9540.79310229357,9528.293102605765,9515.793102882151,9503.293103126647,9490.79310334276,9478.293103533633,9465.79310370208,9453.293103850616,9440.793103981487,9428.2931040967,9415.793104198043,9403.293104287111,9390.793104365326,9378.293104433951,9365.79310449411,9353.293104546801,9340.79310459291,9328.293104633227,9315.793104668444,9303.293104699182,9290.793104725983,9278.29310474933,9265.793104769647,9253.293104787315,9240.793104802662,9228.293104815983,9215.793104827531,9203.293104837532,9190.793104846187,9178.293104853668,9165.79310486013,9153.293104865703,9140.793104870505,9128.293104874638,9115.793104878192,9103.293104881246,9090.793104883867,9078.293104886112,9065.793104888035,9053.293104889679,9040.793104891083,9028.293104892282,9015.793104893302,9003.29310489417,8990.793104894909,8978.293104895536,8965.793104896067,8953.293104896517,8940.793104896897,8928.293104897219,8915.79310489749,8903.293104897717,8890.793104897908,8878.293104898068,8865.793104898203,8853.293104898316,8840.79310489841,8828.293104898488,8815.793104898554,8803.293104898608,8790.793104898654,8778.293104898692,8765.793104898723,8753.293104898748,8740.79310489877,8728.293104898788,8715.793104898803,8703.293104898814,8690.793104898823,8678.29310489883,8665.793104898838,8653.293104898843,8640.793104898847,8628.29310489885,8615.793104898852,8603.293104898854,8590.793104898854,8578.293104898854,8565.793104898854,8553.293104898854,8540.793104898854,8528.293104898854,8515.793104898854,8503.293104898854,8490.793104898854,8478.293104898854,8465.793104898854,8453.293104898854,8440.793104898854,8428.293104898854,8415.793104898854,8403.293104898854,8390.793104898854,8378.293104898854,8365.793104898854,8353.293104898854,8340.793104898854,8328.293104898854,8315.793104898854,8303.293104898854,8290.793104898854,8278.293104898854,8265.793104898854,8253.293104898854,8240.793104898852,8228.29310489885,8215.793104898847,8203.293104898843,8190.793104898836,8178.293104898825,8165.793104898807,8153.293104898779,8140.7931048987375,8128.293104898675,8115.793104898579,8103.293104898434,8090.793104898215,8078.293104897887,8065.793104897399,8053.293104896673,8040.793104895598,8028.29310489401,8015.793104891675,8003.293104888251,7990.793104883245,7978.293104875948,7965.793104865346,7953.293104849985,7940.793104827793,7928.293104795825,7915.7931047499,7903.293104684108,7890.793104590111,7878.293104456185,7865.7931042658765,7853.293103996174,7840.793103614968,7828.293103077583,7815.793102322032,7803.293101262538,7790.793099780731,7778.293097713717,7765.793094837951,7753.293090847506,7740.79308532489,7728.293077701959,7715.793067207755,7703.293052799085,7690.793033068461,7678.293006122388,7665.792969420991,7653.292919567413,7640.7928520321875,7628.2927607937345,7615.792637871126,7603.292472718966,7590.792251446528,7578.291955813832,7565.7915619457235,7553.291038691042,7540.790345537013,7528.289429968801,7515.788224140051,7503.286640691936,7490.784567525003,7478.281861289637,7465.778339316748,7453.273769660032,7440.767858864666,7428.26023701465,7415.750439542448,7403.237885210981,7390.721849600416,7378.2014333524585,7365.675524345552,7353.142752898701,7340.601439033993,7328.049530773509,7315.48453241163,7302.903421696324,7290.302554881404,7277.67755868572,7265.023208325018,7252.333290978844,7239.600454329118,7226.81604016917,7213.96990354128,7201.050218423557,7188.043271657213,7174.933247581723,7161.7020067218755,7148.32886283384,7134.7903636460715,7121.060081695219,7107.108422717625,7092.90246006467,7078.405804506701,7063.57851950939,7048.377092535489,7032.754473068369,7016.660187796075,7000.0405426656835,6982.83892025793,6964.996179098269,6946.451159092517,6927.141294261487,6907.003330392417,6885.9741412064695,6863.991632282884,6840.995717443489,6816.929347785634,6791.73956928768,6765.378581150652,6737.8047640424975,6708.983645429982,6678.888768444481,6647.502431414024,6614.816267424684,6580.831637089687,6545.559813052878,6509.021941483126,6471.248773676828,6432.280169532864,6392.16438367654,6350.957153909639,6308.720619951075,6265.522107613888,6221.432819192329,6176.526474541162,6130.877948864228,6084.561952473317,6037.651794764501,5990.218269572332,5942.328692229816,5894.04611052835,5845.428702866332,5796.529367769226,5747.395500226158,5698.068942438582,5648.586090046868,5598.978130002373,5549.271383157889,5499.487723385042,5449.645045482456,5399.757756084977,5349.837264905895,5299.89245757296,5249.930135672379,5199.955414030782,5149.972069430867,5099.982838629789,5049.989666569317,4999.993907954624,4949.9964869304995,4899.99802045728,4849.998911284625,4799.999416265175,4749.999695274768,4699.999845336784,4649.999923793077,4599.99996360719,4549.999983186053,4499.999992499322,4449.999996776218,4399.99999866825,4349.999999472633,4299.999999800409,4249.999999928046,4199.999999975385,4149.999999992044,4099.999999997583,4049.9999999993133,3999.999999999819,3949.9999999999563,3899.9999999999905,3849.999999999998,3800.0,3750.0,3700.0,3650.0,3600.0,3550.0,3500.0,3450.0,3400.0,3350.0,3300.0,3250.0,3200.0,3150.0,3100.0,3050.0,3000.0,2950.0,2900.0,2850.0,2800.0,2750.0,2700.0,2650.0,2600.0,2550.0,2500.0,2450.0,2400.0,2350.0,2300.0,2250.0,2200.0,2150.0,2100.0,2050.0,2000.0,1950.0,1900.0,1850.0,1800.0,1750.0,1700.0,1650.0,1600.0,1550.0,1500.0,1450.0,1400.0,1350.0,1300.0,1250.0,1200.0,1150.0,1100.0,1050.0,1000.0,950.0,900.0,850.0,800.0,750.0,700.0,650.0,600.0,550.0,500.0,450.0,400.0,350.0,300.0,250.0,200.0,150.0,100.0,50.0,0.0
70,11465.295253110828,11452.822656373093,11440.348693364022,11427.873424210184,11415.39690680703,11402.91919688195,11390.440348056429,11377.960411907232,11365.479438026648,11352.997474081732,11340.514565872552,11328.03075738941,11315.546090869033,11303.06060684972,11290.574344225417,11278.087340298747,11265.599630832943,11253.111250102715,11240.622230944024,11228.132604802771,11215.642401782394,11203.151650690366,11190.660379083618,11178.16861331285,11165.676378565782,11153.183698909306,11140.690597330564,11128.197095776968,11115.703215195148,11103.208975568845,11090.714395955765,11078.219494523404,11065.72428858384,11053.228794627525,11040.733028356066,11028.237004714038,11015.740737919808,11003.244241495418,10990.747528295515,10978.250610535362,10965.75349981794,10953.256207160146,10940.758743018127,10928.261117311742,10915.76333944819,10903.265418344812,10890.767362451075,10878.269179769783,10865.7708778775,10853.272463944233,10840.77394475237,10828.275326714911,10815.776615892983,10803.277818012699,10790.778938481333,10778.279982402866,10765.780954592898,10753.281859592946,10740.782701684178,10728.283484900538,10715.784213041348,10703.284889683353,10690.785518192251,10678.286101733727,10665.786643283984,10653.287145639815,10640.787611428223,10628.288043115583,10615.788443016412,10603.288813301702,10590.789156006871,10578.289473039338,10565.789766185733,10553.29003711875,10540.790287403672,10528.290518504567,10515.790731790175,10503.290928539498,10490.7911099471,10478.291277128143,10465.791431123149,10453.291572902523,10440.791703370818,10428.2918233708,10415.791933687264,10403.29203505065,10390.792128140478,10378.292213588562,10365.792291982067,10353.29236386638,10340.792429747818,10328.292490096192,10315.792545347196,10303.292595904686,10290.792642142802,10278.292684407968,10265.792723020779,10253.292758277765,10240.792790453048,10228.292819799897,10215.79284655219,10203.292870925776,10190.79289311975,10178.292913317662,10165.792931688633,10153.292948388395,10140.792963560274,10128.292977336103,10115.792989837077,10103.293001174537,10090.793011450725,10078.293020759465,10065.793029186805,10053.293036811618,10040.793043706155,10028.293049936565,10015.79305556337,10003.293060641909,9990.793065222755,9978.293069352096,9965.793073072087,9953.293076421181,9940.79307943443,9928.293082143766,9915.793084578263,9903.293086764372,9890.793088726145,9878.293090485435,9865.793092062087,9853.293093474114,9840.793094737846,9828.293095868086,9815.79309687824,9803.293097780443,9790.793098585664,9778.293099303826,9765.793099943889,9753.293100513934,9740.793101021256,9728.29310147243,9715.793101873376,9703.293102229423,9690.793102545364,9678.293102825506,9665.793103073718,9653.293103293472,9640.793103487882,9628.293103659735,9615.79310381153,9603.293103945503,9590.793104063654,9578.293104167766,9565.793104259432,9553.293104340075,9540.793104410965,9528.293104473227,9515.793104527864,9503.29310457577,9490.79310461774,9478.293104654476,9465.793104686603,9453.293104714674,9440.79310473918,9428.293104760554,9415.793104779183,9403.293104795399,9390.793104809505,9378.293104821762,9365.793104832404,9353.293104841634,9340.793104849632,9328.293104856555,9315.793104862541,9303.293104867715,9290.793104872178,9278.293104876027,9265.793104879343,9253.293104882196,9240.793104884648,9228.293104886752,9215.793104888558,9203.293104890106,9190.793104891429,9178.29310489256,9165.793104893526,9153.29310489435,9140.793104895052,9128.293104895649,9115.793104896155,9103.293104896584,9090.793104896948,9078.293104897257,9065.793104897517,9053.293104897737,9040.793104897923,9028.293104898079,9015.79310489821,9003.293104898321,8990.793104898414,8978.29310489849,8965.793104898554,8953.293104898607,8940.793104898652,8928.293104898688,8915.79310489872,8903.293104898745,8890.793104898767,8878.293104898785,8865.7931048988,8853.293104898812,8840.793104898821,8828.29310489883,8815.793104898836,8803.293104898841,8790.793104898845,8778.293104898848,8765.79310489885,8753.293104898852,8740.793104898854,8728.293104898854,8715.793104898854,8703.293104898854,8690.793104898854,8678.293104898854,8665.793104898854,8653.293104898854,8640.793104898854,8628.293104898854,8615.793104898854,8603.293104898854,8590.793104898854,8578.293104898854,8565.793104898854,8553.293104898854,8540.793104898854,8528.293104898854,8515.793104898854,8503.293104898854,8490.793104898854,8478.293104898854,8465.793104898854,8453.293104898854,8440.793104898854,8428.293104898854,8415.793104898854,8403.293104898854,8390.793104898854,8378.293104898854,8365.793104898854,8353.293104898852,8340.79310489885,8328.293104898847,8315.793104898843,8303.293104898838,8290.793104898828,8278.293104898812,8265.793104898788,8253.293104898752,8240.793104898696,8228.293104898612,8215.793104898486,8203.293104898295,8190.793104898011,8178.293104897588,8165.79310489696,8153.293104896033,8140.793104894667,8128.293104892661,8115.793104889724,8103.293104885439,8090.793104879202,8078.293104870151,8065.793104857057,8053.293104838167,8040.793104810988,8028.293104771989,8015.793104716186,8003.293104636547,7990.793104523193,7978.2931043622775,7965.793104134444,7953.293103812703,7940.793103359529,7928.293102722882,7915.793101830797,7903.293100584011,7890.793098845991,7878.293096429445,7865.793093078159,7853.2930884426005,7840.79308204725,7828.293073246995,7815.7930611691,7803.293044636241,7790.793022064728,7778.292991330371,7765.79294959228,7753.292893062171,7740.792816703351,7728.292713839288,7715.792575646387,7703.29239049904,7690.792143126953,7678.29181353494,7665.791375623352,7653.290795432872,7640.790028920021,7628.2890191490005,7615.787692760989,7603.285955553177,7590.783686966302,7578.280733240668,7565.776898956334,7553.27193662303,7540.765533929312,7528.257298198594,7515.746737532521,7503.233238050392,7490.716036558336,7478.19418790569,7465.666526210964,7453.131619069468,7440.587713793384,7428.032674688067,7415.4639103421405,7402.878289910772,7390.272047409913,7377.640673123504,7364.978791365604,7352.280024045486,7339.536839765955,7326.740388553065,7313.880322777011,7300.944605384852,7287.919307228425,7274.788396033293,7261.533520409372,7248.133793237021,7234.565579752167,7220.802296670494,7206.814229694917,7192.568377694615,7178.028332671605,7163.154205278541,7147.902606050379,7132.226692591368,7116.076292647246,7099.398112226123,7082.136036656171,7064.231530646659,7045.624141035389,7026.2521029725085,7006.0530468525,6984.964799443514,6962.92626849461,6939.878395782749,6915.765159282613,6890.534601121737,6864.13985445784,6836.540139627999,6807.701698105346,6777.598632168195,6746.213618906408,6713.538469368334,6679.574507322644,6644.332747220606,6607.833857351523,6570.107901650168,6531.19386181721,6491.138949957592,6449.997730382319,6407.831077088098,6364.705000266556,6320.689380582037,6275.856653550187,6230.280487908045,6184.034501274928,6137.191053685628,6089.820154897938,6041.988515031375,5993.7587604904165,5945.188828751017,5896.331546973684,5847.234391081036,5797.939414392846,5748.483328559533,5698.897714680485,5649.2093393141,5599.440548625828,5549.609714093767,5499.731704802492,5449.818364122527,5399.878972160077,5349.920679414259,5299.948901255559,5249.967666838738,5199.979919646696,5149.987769862523,5099.992701095258,5049.9957356212,4999.997563287776,4949.998639645053,4899.999258832825,4849.999606381025,4799.999796496875,4749.9998977189825,4699.99995010118,4649.999976409283,4599.999989211375,4549.999995236696,4499.99999797407,4449.999999171921,4399.999999675593,4349.999999878553,4299.999999956699,4249.999999985352,4199.999999995319,4149.999999998594,4099.999999999605,4049.999999999897,3999.9999999999754,3949.9999999999945,3899.999999999999,3850.0,3800.0,3750.0,3700.0,3650.0,3600.0,3550.0,3500.0,3450.0,3400.0,3350.0,3300.0,3250.0,3200.0,3150.0,3100.0,3050.0,3000.0,2950.0,2900.0,2850.0,2800.0,2750.0,2700.0,2650.0,2600.0,2550.0,2500.0,2450.0,2400.0,2350.0,2300.0,2250.0,2200.0,2150.0,2100.0,2050.0,2000.0,1950.0,1900.0,1850.0,1800.0,1750.0,1700.0,1650.0,1600.0,1550.0,1500.0,1450.0,1400.0,1350.0,1300.0,1250.0,1200.0,1150.0,1100.0,1050.0,1000.0,950.0,900.0,850.0,800.0,750.0,700.0,650.0,600.0,550.0,500.0,450.0,400.0,350.0,300.0,250.0,200.0,150.0,100.0,50.0,0.0
71,11540.482300716514,11528.000038976894,11515.5168551561,11503.03279192787,11490.547890274629,11478.062189540482,11465.575727483154,11453.088540324923,11440.600662802508,11428.112128215927,11415.622968476304,11403.133214152625,11390.642894517468,11378.152037591663,11365.660670187912,11353.168817953374,11340.676505411198,11328.18375600103,11315.690592118475,11303.197035153553,11290.703105528126,11278.208822732322,11265.714205359955,11253.219271142967,11240.724036984875,11228.228518993272,11215.732732511351,11203.236692148505,11190.740411809988,11178.243904725668,11165.747183477879,11153.250260028377,11140.753145744437,11128.255851424094,11115.75838732054,11103.260763165707,11090.762988193028,11078.265071159429,11065.76702036653,11053.268843681104,11040.770548554789,11028.272142043083,11015.773630823633,11003.275021213844,10990.776319187806,10978.277530392583,10965.77866016386,10953.27971354098,10940.780695281366,10928.28160987438,10915.782461554605,10903.28325431457,10890.783991916967,10878.28467790633,10865.785315620218,10853.285908199923,10840.786458600704,10828.286969601564,10815.787443814606,10803.287883693947,10790.788291544235,10778.288669528778,10765.78901967728,10753.289343893231,10740.789643960925,10728.289921552157,10715.790178232595,10703.290415467818,10690.790634629086,10678.290836998794,10665.791023775675,10653.291196079714,10640.791354956822,10628.291501383273,10615.791636269896,10603.291760466043,10590.791874763363,10578.291979899348,10565.792076560709,10553.292165386549,10540.792246971372,10528.29232186791,10515.79239058981,10503.292453614144,10490.792511383795,10478.2925643097,10465.792612772948,10453.292657126769,10440.792697698402,10428.292734790848,10415.792768684518,10403.292799638775,10390.792827893394,10378.292853669918,10365.792877172931,10353.29289859126,10340.79291809909,10328.292935857015,10315.79295201301,10303.292966703355,10290.792980053484,10278.292992178784,10265.793003185343,10253.293013170642,10240.793022224198,10228.293030428176,10215.793037857944,10203.293044582591,10190.793050665425,10178.293056164412,10165.793061132597,10153.2930656185,10140.793069666466,10128.293073317003,10115.793076607097,10103.293079570489,10090.793082237946,10078.293084637504,10065.793086794698,10053.293088732766,10040.79309047284,10028.293092034135,10015.793093434102,10003.293094688583,9990.79309581195,9978.293096817237,9965.793097716247,9953.293098519669,9940.793099237178,9928.29309987752,9915.793100448593,9903.293100957539,9890.793101410793,9878.293101814164,9865.793102172885,9853.293102491669,9840.793102774755,9828.293103025957,9815.793103248701,9803.293103446065,9790.793103620808,9778.293103775408,9765.79310391208,9753.29310403281,9740.793104139375,9728.293104233364,9715.793104316195,9703.293104389133,9690.793104453312,9678.293104509736,9665.793104559301,9653.293104602804,9640.793104640958,9628.293104674387,9615.793104703656,9603.293104729259,9590.793104751636,9578.293104771175,9565.793104788225,9553.293104803086,9540.793104816028,9528.29310482729,9515.793104837077,9503.29310484558,9490.793104852955,9478.293104859351,9465.793104864888,9453.29310486968,9440.79310487382,9428.293104877395,9415.793104880478,9403.293104883138,9390.793104885428,9378.293104887396,9365.793104889088,9353.29310489054,9340.793104891784,9328.29310489285,9315.79310489376,9303.29310489454,9290.793104895203,9278.293104895769,9265.793104896251,9253.29310489666,9240.793104897008,9228.293104897302,9215.793104897552,9203.293104897763,9190.79310489794,9178.293104898092,9165.79310489822,9153.293104898326,9140.793104898417,9128.293104898494,9115.793104898556,9103.293104898608,9090.793104898652,9078.293104898688,9065.793104898718,9053.293104898743,9040.793104898765,9028.293104898783,9015.793104898798,9003.293104898808,8990.79310489882,8978.293104898828,8965.793104898834,8953.29310489884,8940.793104898843,8928.293104898847,8915.79310489885,8903.293104898852,8890.793104898854,8878.293104898854,8865.793104898854,8853.293104898854,8840.793104898854,8828.293104898854,8815.793104898854,8803.293104898854,8790.793104898854,8778.293104898854,8765.793104898854,8753.293104898854,8740.793104898854,8728.293104898854,8715.793104898854,8703.293104898854,8690.793104898854,8678.293104898854,8665.793104898854,8653.293104898854,8640.793104898854,8628.293104898854,8615.793104898854,8603.293104898854,8590.793104898854,8578.293104898854,8565.793104898854,8553.293104898854,8540.793104898854,8528.293104898854,8515.793104898854,8503.293104898854,8490.793104898854,8478.293104898854,8465.793104898852,8453.29310489885,8440.793104898848,8428.293104898845,8415.79310489884,8403.29310489883,8390.793104898818,8378.293104898796,8365.793104898763,8353.293104898716,8340.793104898641,8328.29310489853,8315.793104898366,8303.293104898119,8290.793104897753,8278.293104897211,8265.793104896413,8253.293104895238,8240.793104893517,8228.293104891,8215.793104887332,8203.293104882003,8190.793104874283,8178.293104863127,8165.793104847052,8153.2931048239525,8140.793104790848,8128.293104743528,8115.793104676068,8103.293104580147,8090.793104444109,8078.293104251672,8065.7931039801515,8053.2931035980255,8040.793103061607,8028.293102310512,8015.793101261495,8003.2930998001075,7990.793097769418,7978.2930949548245,7965.793091063657,7953.29308569787,7940.793078317582,7928.293068192563,7915.793054337874,7903.293035428754,7890.793009688407,7878.292974740574,7865.79292741642,7853.292863502469,7840.792777412657,7828.292661763144,7815.792506822938,7803.292299806587,7790.7920239667865,7778.291657434533,7765.791171742113,7753.290529949286,7740.78968427522,7728.288573117568,7715.787117315117,7703.2852154812335,7690.782738201479,7678.279520849782,7665.775354733261,7653.269976225854,7640.763053495375,7628.254170367719,7615.742806806125,7603.228315413656,7590.70989329479,7578.186548539188,7565.6570605200395,7553.119933134388,7540.573340057812,7528.015061046157,7515.442408298931,7502.852141909794,7490.240373477448,7477.602457044124,7464.932866678335,7452.225060233167,7439.47132910073,7426.662634155975,7413.788428545994,7400.836468538923,7387.792614300835,7374.640623216817,7361.361939205211,7347.935482377128,7334.337444344884,7320.541095452747,7306.516611153328,7292.230925636162,7277.647621577408,7262.726865460201,7247.425398248797,7231.696591219053,7215.490576387726,7198.754460184084,7181.43262772092,7163.467143215717,7144.798249775264,7125.364968903869,7105.10579677235,7083.9594905721915,7061.865934291882,7038.767069140249,7014.6078697858875,6989.337343789026,6962.909528295439,6935.28445546914,6906.4290564804405,6876.317973332882,6844.9342485604175,6812.26986495264,6778.3261109988725,6743.113752629412,6706.65299793618,6668.973248651754,6630.112639951985,6590.117378253803,6549.040894690395,6506.942839423198,6463.8879484640765,6419.944819840055,6375.184639413554,6329.679898245071,6283.503142939955,6236.725797971865,6189.417094668803,6141.643135651978,6093.466116406018,6044.943717780662,5996.128675070908,5947.068521390799,5897.805495807914,5848.376600534792,5798.813786676737,5749.144244793941,5699.390774907396,5649.572210500692,5599.703872375555,5549.798030657343,5499.864356512195,5449.9103489018635,5399.94172564365,5349.96277187304,5299.976642490521,5249.985618142305,5199.991316637914,5149.994863413305,5099.997025731353,5049.998315841505,4999.999068395236,4949.999497145418,4899.999735458012,4849.999864535,4799.999932573124,4749.999967427266,4699.999984753353,4649.999993097424,4599.999996983473,4549.999998730249,4499.999999486428,4449.999999800935,4399.999999926276,4349.999999974,4299.999999991302,4249.9999999972515,4199.999999999183,4149.9999999997735,4099.999999999942,4049.9999999999864,3999.9999999999973,3949.9999999999995,3900.0,3850.0,3800.0,3750.0,3700.0,3650.0,3600.0,3550.0,3500.0,3450.0,3400.0,3350.0,3300.0,3250.0,3200.0,3150.0,3100.0,3050.0,3000.0,2950.0,2900.0,2850.0,2800.0,2750.0,2700.0,2650.0,2600.0,2550.0,2500.0,2450.0,2400.0,2350.0,2300.0,2250.0,2200.0,2150.0,2100.0,2050.0,2000.0,1950.0,1900.0,1850.0,1800.0,1750.0,1700.0,1650.0,1600.0,1550.0,1500.0,1450.0,1400.0,1350.0,1300.0,1250.0,1200.0,1150.0,1100.0,1050.0,1000.0,950.0,900.0,850.0,800.0,750.0,700.0,650.0,600.0,550.0,500.0,450.0,400.0,350.0,300.0,250.0,200.0,150.0,100.0,50.0,0.0
72,11615.601813961915,11603.113122293584,11590.623818642194,11578.133932721563,11565.643492993444,11553.152526710439,11540.661059957914,11528.169117694913,11515.676723794071,11503.183901080532,11490.69067136989,11478.197055505141,11465.703073392659,11453.208744037212,11440.714085576023,11428.219115311873,11415.723849745282,11403.228304605753,11390.732494882115,11378.236434851955,11365.740138110159,11353.243617596585,11340.746885622879,11328.249953898423,11315.752833555483,11303.255535173506,11290.758068802634,11278.260443986424,11265.762669783806,11253.264754790263,11240.766707158307,11228.268534617187,11215.770244491938,11203.271843721697,11190.77333887738,11178.274736178675,11165.776041510413,11153.2772604383,11140.778398224053,11128.279459839936,11115.780449982729,11103.281373087135,11090.782233338634,11078.283034685832,11065.783780852278,11053.284475347798,11040.785121479348,11028.285722361388,11015.786280925833,11003.28679993155,10990.787281973431,10978.287729491081,10965.788144777094,10953.288529984957,10940.788887136594,10928.289218129557,10915.789524743874,10903.289808648575,10890.790071407904,10878.29031448723,10865.790539258674,10853.29074700644,10840.790938931901,10828.29111615842,10815.791279735919,10803.291430645226,10790.791569802184,10778.291698061557,10765.79181622072,10753.291925023157,10740.792025161765,10728.292117281993,10715.79220198479,10703.292279829404,10690.792351336017,10678.292416988235,10665.792477235444,10653.292532495008,10640.792583154376,10628.292629573023,10615.792672084317,10603.292710997252,10590.792746598077,10578.292779151849,10565.792808903854,10553.292836080982,10540.792860892985,10528.292883533675,10515.792904182039,10503.292923003282,10490.792940149811,10478.292955762146,10465.792969969785,10453.292982891993,10440.792994638556,10428.293005310477,10415.793015000632,10403.293023794367,10390.793031770072,10378.293038999707,10365.793045549288,10353.293051479344,10340.793056845345,10328.293061698088,10315.793066084076,10303.293070045842,10290.793073622275,10278.293076848906,10265.79307975818,10253.293082379707,10240.793084740497,10228.293086865164,10215.793088776129,10203.29309049381,10190.793092036776,10178.29309342192,10165.793094664585,10153.293095778705,10140.793096776928,10128.293097670723,10115.793098470489,10103.29309918564,10090.7930998247,10078.293100395378,10065.793100904648,10053.293101358804,10040.793101763533,10028.293102123962,10015.793102444715,10003.293102729958,9990.793102983444,9978.293103208543,9965.793103408292,9953.293103585418,9940.793103742366,9928.293103881333,9915.793104004286,9903.293104112989,9890.79310420902,9878.293104293793,9865.793104368568,9853.293104434473,9840.793104492517,9828.293104543596,9815.793104588509,9803.29310462797,9790.79310466261,9778.293104692995,9765.793104719625,9753.293104742945,9740.793104763348,9728.293104781187,9715.793104796767,9703.293104810364,9690.79310482222,9678.29310483255,9665.793104841541,9653.29310484936,9640.793104856151,9628.293104862047,9615.79310486716,9603.29310487159,9590.793104875424,9578.29310487874,9565.793104881604,9553.293104884076,9540.793104886206,9528.293104888042,9515.79310488962,9503.29310489098,9490.793104892145,9478.293104893146,9465.793104894003,9453.293104894736,9440.793104895363,9428.293104895898,9415.793104896355,9403.293104896744,9390.793104897075,9378.293104897355,9365.793104897593,9353.293104897795,9340.793104897966,9328.293104898112,9315.793104898235,9303.293104898337,9290.793104898425,9278.293104898497,9265.793104898557,9253.293104898608,9240.793104898652,9228.293104898688,9215.793104898718,9203.293104898743,9190.793104898765,9178.293104898783,9165.793104898798,9153.293104898808,9140.79310489882,9128.293104898827,9115.793104898834,9103.29310489884,9090.793104898843,9078.293104898847,9065.79310489885,9053.293104898852,9040.793104898854,9028.293104898854,9015.793104898854,9003.293104898854,8990.793104898854,8978.293104898854,8965.793104898854,8953.293104898854,8940.793104898854,8928.293104898854,8915.793104898854,8903.293104898854,8890.793104898854,8878.293104898854,8865.793104898854,8853.293104898854,8840.793104898854,8828.293104898854,8815.793104898854,8803.293104898854,8790.793104898854,8778.293104898854,8765.793104898854,8753.293104898854,8740.793104898854,8728.293104898854,8715.793104898854,8703.293104898854,8690.793104898854,8678.293104898854,8665.793104898854,8653.293104898854,8640.793104898854,8628.293104898854,8615.793104898854,8603.293104898854,8590.793104898854,8578.293104898852,8565.79310489885,8553.293104898848,8540.793104898845,8528.29310489884,8515.793104898832,8503.293104898821,8490.793104898803,8478.293104898774,8465.793104898732,8453.293104898668,8440.793104898572,8428.293104898428,8415.793104898214,8403.293104897899,8390.793104897431,8378.293104896744,8365.793104895734,8353.293104894257,8340.793104892102,8328.293104888966,8315.793104884415,8303.293104877832,8290.793104868331,8278.293104854658,8265.793104835033,8253.293104806937,8240.793104766823,8228.293104709694,8215.793104628538,8203.29310451355,8190.793104351033,8178.29310412192,8165.79310379973,8153.293103347788,8140.7931027154245,8128.293101832824,8115.79310060404,8103.293098897569,8090.793096533642,8078.293093267176,8065.7930887649345,8053.2930825750445,8040.793074086432,8028.293062474993,8015.793046632405,8003.2930250722475,7990.79299580662,7978.292956184487,7965.792902680565,7953.292830620556,7940.792733824692,7928.2926041469145,7915.792430881172,7903.2921999991995,7890.79189317546,7878.291486544334,7865.790949121881,7853.290240809229,7840.789309876343,7828.288089803402,7815.786495331583,7803.2844175455975,7790.781717776078,7778.2782200709225,7765.773701940367,7753.267883030951,7740.760411328642,7728.250846431429,7715.738639367482,7703.223108367245,7690.703409928365,7678.178504443074,7665.647115591359,7653.107682643529,7640.558304767019,7627.996676399649,7615.420012741485,7602.824964436813,7590.207520574697,7577.5628992396,7564.88542500175,7552.168392959376,7539.403919240418,7526.58277824767,7513.694227394609,7500.725820633243,7487.663212720492,7474.48995690206,7461.187299503284,7447.73397578975,7434.106012374288,7420.276542371449,7406.215640398014,7391.890185343282,7377.263759533234,7362.2965934303065,7346.945565283204,7331.1642651062075,7314.903131963618,7298.109672708184,7280.728769028642,7262.7030778732005,7243.97352802548,7224.479912835242,7204.161575895221,7182.958182886573,7160.810569000796,7137.661647429401,7113.457360566918,7088.147651993588,7061.687434201289,7034.037524613551,7005.165520931663,6975.046586394186,6943.664116307931,6911.010259282982,6877.086270005546,6841.902675058452,6805.479239118031,6767.844725606649,6729.036453277118,6689.099657902482,6648.086675852979,6606.055973452156,6563.071052213916,6519.199265004635,6474.510581545193,6429.076343250332,6382.968047087109,6336.256195929147,6289.009248918339,6241.292699864813,6193.168305060823,6144.693474469666,6095.920832533315,6046.897947285966,5997.667219501026,5948.265917611253,5898.726339414592,5849.076078294393,5799.338369912049,5749.5324950301565,5699.674215152916,5649.77621980514,5599.848567234724,5549.899103812106,5499.933851112018,5449.957353322172,5399.972981000695,5349.98319012835,5299.989737766178,5249.993857390053,5199.9963981421915,5149.997932871078,5099.998840010804,5049.999364180103,4999.99965996497,4949.999822784523,4899.999910111033,4849.999955687066,4799.999978801008,4749.99999017475,4699.999995596147,4649.9999980948705,4599.999999206268,4549.999999682285,4499.999999878142,4449.999999955349,4399.999999984422,4349.999999994845,4299.999999998389,4249.999999999527,4199.999999999871,4149.999999999967,4099.999999999993,4049.9999999999986,4000.0,3950.0,3900.0,3850.0,3800.0,3750.0,3700.0,3650.0,3600.0,3550.0,3500.0,3450.0,3400.0,3350.0,3300.0,3250.0,3200.0,3150.0,3100.0,3050.0,3000.0,2950.0,2900.0,2850.0,2800.0,2750.0,2700.0,2650.0,2600.0,2550.0,2500.0,2450.0,2400.0,2350.0,2300.0,2250.0,2200.0,2150.0,2100.0,2050.0,2000.0,1950.0,1900.0,1850.0,1800.0,1750.0,1700.0,1650.0,1600.0,1550.0,1500.0,1450.0,1400.0,1350.0,1300.0,1250.0,1200.0,1150.0,1100.0,1050.0,1000.0,950.0,900.0,850.0,800.0,750.0,700.0,650.0,600.0,550.0,500.0,450.0,400.0,350.0,300.0,250.0,200.0,150.0,100.0,50.0,0.0
73,11690.677029071026,11678.184129824076,11665.690831066508,11653.197153104835,11640.703115339435,11628.208736298211,11615.714033669356,11603.219024333182,11590.723724393083,11578.228149205588,11565.732313409555,11553.23623095449,11540.739915128028,11528.243378582561,11515.746633361066,11503.249690922088,11490.752562163956,11478.255257448202,11465.75778662221,11453.260159041127,11440.762383589012,11428.26446869928,11415.766422374436,11403.268252205104,11390.769965388394,11378.271568745604,11365.773068739265,11353.274471489582,11340.775782790224,11328.277008123552,11315.778152675246,11303.279221348364,11290.780218776856,11278.281149338538,11265.782017167554,11253.282826166316,11240.783580016972,11228.28428219238,11215.78493596664,11203.285544425162,11190.78611047432,11178.286636850673,11165.787126129788,11153.287580734672,11140.788002943827,11128.288394898942,11115.78875861223,11103.289095973436,11090.789408756502,11078.28969862594,11065.789967142886,11053.290215770865,11040.790445881285,11028.290658758653,11015.79085560555,11003.291037547328,10990.7912056366,10978.291360857493,10965.79150412967,10953.291636312164,10940.791758206997,10928.291870562614,10915.791974077138,10903.29206940144,10890.792157142052,10878.292237863921,10865.792312093003,10853.292380318719,10840.792442996273,10828.292500548841,10815.792553369627,10803.292601823807,10790.792646250364,10778.292686963803,10765.792724255778,10753.292758396616,10740.792789636746,10728.292818208049,10715.792844325122,10703.292868186467,10690.792889975595,10678.292909862079,10665.792928002524,10653.292944541487,10640.792959612334,10628.292973338039,10615.792985831935,10603.292997198409,10590.79300753356,10578.293016925814,10565.793025456482,10553.293033200296,10540.793040225908,10528.293046596342,10515.793052369429,10503.2930575982,10490.793062331264,10478.29306661314,10465.79307048459,10453.29307398291,10440.793077142202,10428.293079993631,10415.793082565664,10403.293084884283,10390.793086973194,10378.29308885401,10365.793090546425,10353.29309206837,10340.793093436168,10328.293094664663,10315.793095767349,10303.29309675648,10290.793097643185,10278.29309843756,10265.793099148757,10253.29309978507,10240.793100354012,10228.29310086238,10215.79310131632,10203.293101721387,10190.793102082596,10178.29310240448,10165.793102691121,10153.293102946202,10140.79310317304,10128.293103374623,10115.793103553631,10103.293103712484,10090.793103853346,10078.293103978167,10065.793104088692,10053.293104186487,10040.793104272952,10028.293104349345,10015.793104416787,10003.29310447628,9990.793104528726,9978.29310457492,9965.793104615574,9953.293104651328,9940.793104682745,9928.29310471033,9915.793104734532,9903.293104755747,9890.79310477433,9878.293104790591,9865.793104804812,9853.293104817236,9840.79310482808,9828.29310483754,9815.793104845783,9803.29310485296,9790.793104859204,9778.29310486463,9765.79310486934,9753.293104873428,9740.793104876971,9728.293104880038,9715.793104882692,9703.293104884986,9690.793104886967,9678.293104888675,9665.793104890146,9653.293104891414,9640.793104892504,9628.29310489344,9615.793104894245,9603.293104894934,9590.793104895525,9578.293104896029,9565.79310489646,9553.293104896828,9540.793104897142,9528.29310489741,9515.793104897637,9503.29310489783,9490.793104897994,9478.293104898132,9465.793104898248,9453.293104898348,9440.793104898434,9428.293104898503,9415.793104898563,9403.293104898612,9390.793104898654,9378.29310489869,9365.79310489872,9353.293104898745,9340.793104898765,9328.293104898783,9315.793104898798,9303.293104898808,9290.79310489882,9278.293104898827,9265.793104898834,9253.29310489884,9240.793104898843,9228.293104898847,9215.793104898848,9203.29310489885,9190.79310489885,9178.29310489885,9165.793104898852,9153.293104898854,9140.793104898854,9128.293104898854,9115.793104898854,9103.293104898854,9090.793104898854,9078.293104898854,9065.793104898854,9053.293104898854,9040.793104898854,9028.293104898854,9015.793104898854,9003.293104898854,8990.793104898854,8978.293104898854,8965.793104898854,8953.293104898854,8940.793104898854,8928.293104898854,8915.793104898854,8903.293104898854,8890.793104898854,8878.293104898854,8865.793104898854,8853.293104898854,8840.793104898854,8828.293104898854,8815.793104898854,8803.293104898854,8790.793104898854,8778.293104898854,8765.793104898854,8753.293104898854,8740.793104898854,8728.293104898854,8715.793104898854,8703.293104898854,8690.793104898854,8678.293104898852,8665.79310489885,8653.293104898847,8640.793104898843,8628.293104898836,8615.793104898825,8603.293104898808,8590.793104898785,8578.293104898747,8565.79310489869,8553.293104898607,8540.793104898483,8528.293104898297,8515.793104898024,8503.293104897622,8490.793104897031,8478.293104896165,8465.7931048949,8453.293104893055,8440.793104890374,8428.29310488649,8415.793104880879,8403.29310487279,8390.793104861164,8378.293104844495,8365.79310482066,8353.293104786662,8340.79310473829,8328.293104669643,8315.793104572462,8303.293104435228,8290.793104241919,8278.293103970285,8265.793103589538,8253.293103057156,8240.793102314585,8228.293101281382,8215.79309984734,8203.293097861857,8190.793095119673,8178.293091341779,8165.793086149914,8153.293079032653,8140.793069300371,8128.293056025697,8115.793037964963,8103.293013454933,8090.7929802774615,8078.292935482676,8065.792875158732,8053.292794132978,8040.792685585392,8028.292540550228,8015.792347275764,8003.292090404613,7990.791749928056,7978.291299856912,7965.790706538364,7953.289926532396,7940.78890394291,7928.287567076592,7915.78582427684,7903.283558750277,7890.780622168971,7878.276826792344,7865.771935808611,7853.265651546299,7840.75760115223,7828.247319273508,7815.734227218374,7803.217608005319,7790.696576643155,7778.170044919065,7765.636679909764,7753.094855376454,7740.542595161549,7727.977507679569,7715.396710592119,7702.7967447845895,7690.173476827695,7677.521989218575,7664.836457862453,7652.110016485307,7639.334607968864,7626.500822978351,7613.597726716283,7600.612675184896,7587.531122975183,7574.336425317124,7561.009637913756,7547.529318925452,7533.871338347621,7520.008700905492,7505.9113894366965,7491.546236501945,7476.876832605875,7461.863479868469,7446.463200203704,7430.629806977102,7414.314048671,7397.463832235793,7380.024532507969,7361.939392307753,7343.150015586864,7323.596953300528,7303.2203785755755,7281.960844315909,7259.760112736597,7236.562042586621,7212.313516172446,7186.965384915491,7160.473409264065,7132.799166534541,7103.910898867793,7073.7842731220335,7042.403025312404,7009.759464230621,6975.854812153311,6940.699365023642,6904.312460041738,6866.722245025023,6827.965250932016,6788.085776257382,6747.1350992376465,6705.17054057281,6662.2544052926405,6618.452837133125,6573.834622052334,6528.469979100034,6482.429376654874,6435.782410059416,6388.596773031723,6340.9373501343,6292.8654513502615,6244.43820283571,6195.708100610598,6146.722726751529,6097.524620969743,6048.15129465352,5998.635369806016,5949.004822000779,5899.283304586966,5849.490530879539,5799.64269184703,5749.752888663903,5699.83156217489,5649.886904544639,5599.925241854553,5549.951379897,5499.968908681982,5449.9804640417915,5399.987947082887,5349.992704037426,5299.995670308674,5249.997483227295,5199.998568312399,5149.9992037537195,5099.999567496636,5049.999770813169,4999.999881661366,4949.9999405382105,4899.999970965388,4849.999986243708,4799.999993686408,4749.999997198066,4699.999998799985,4649.9999995051,4599.999999803933,4549.99999992558,4499.999999973018,4449.999999990687,4399.999999996951,4349.999999999058,4299.999999999727,4249.999999999926,4199.999999999982,4149.999999999996,4099.999999999999,4050.0,4000.0,3950.0,3900.0,3850.0,3800.0,3750.0,3700.0,3650.0,3600.0,3550.0,3500.0,3450.0,3400.0,3350.0,3300.0,3250.0,3200.0,3150.0,3100.0,3050.0,3000.0,2950.0,2900.0,2850.0,2800.0,2750.0,2700.0,2650.0,2600.0,2550.0,2500.0,2450.0,2400.0,2350.0,2300.0,2250.0,2200.0,2150.0,2100.0,2050.0,2000.0,1950.0,1900.0,1850.0,1800.0,1750.0,1700.0,1650.0,1600.0,1550.0,1500.0,1450.0,1400.0,1350.0,1300.0,1250.0,1200.0,1150.0,1100.0,1050.0,1000.0,950.0,900.0,850.0,800.0,750.0,700.0,650.0,600.0,550.0,500.0,450.0,400.0,350.0,300.0,250.0,200.0,150.0,100.0,50.0,0.0
74,11765.72365844656,11753.228050515725,11740.732186010082,11728.23607855511,11715.739741134628,11703.243186116453,11690.746425277242,11678.249469826584,11665.752330430305,11653.25501723305,11640.757539880105,11628.259907538508,11615.76212891745,11603.264212287993,11590.766165502097,11578.267996010985,11565.769710882876,11553.271316820063,11540.772820175378,11528.274226968071,11515.775542899079,11503.276773365722,11490.777923475864,11478.278998061503,11465.78000169185,11453.280938685877,11440.78181312439,11428.282628861589,11415.783389536184,11403.284098582031,11390.78475923834,11378.285374559448,11365.78594742418,11353.286480544806,11340.786976475612,11328.28743762109,11315.787866243769,11303.288264471701,11290.788634305596,11278.288977625643,11265.78929619801,11253.289591681047,11240.789865631186,11228.290119508578,11215.790354682438,11203.29057243616,11190.790773972152,11178.290960416454,11165.791132823115,11153.291292178355,11140.791439404518,11128.291575363814,11115.791700861872,11103.291816651117,11090.791923433957,11078.292021865804,11065.792112557938,11053.292196080209,11040.792272963601,11028.29234370265,11015.792408757721,11003.292468557178,10990.792523499405,10978.292573954735,10965.792620267255,10953.292662756514,10940.792701719127,10928.292737430282,10915.79277014517,10903.292800100317,10890.792827514837,10878.292852591618,10865.792875518424,10853.292896468938,10840.792915603733,10828.29293307119,10815.792949008352,10803.292963541719,10790.792976788007,10778.292988854844,10765.792999841427,10753.293009839132,10740.793018932089,10728.293027197711,10715.793034707196,10703.293041525993,10690.79304771422,10678.293053327088,10665.793058415258,10653.293063025196,10640.793067199498,10628.293070977186,10615.793074393994,10603.293077482622,10590.793080272977,10578.293082792396,10565.793085065854,10553.293087116157,10540.793088964108,10528.293090628686,10515.793092127184,10503.293093475355,10490.793094687542,10478.293095776793,10465.793096754971,10453.293097632855,10440.793098420236,10428.293099126,10415.793099758203,10403.293100324152,10390.793100830464,10378.293101283129,10365.793101687566,10353.29310204868,10340.793102370892,10328.293102658205,10315.793102914224,10303.293103142207,10290.793103345082,10278.293103525491,10265.793103685812,10253.293103828182,10240.793103954524,10228.293104066559,10215.79310416584,10203.293104253753,10190.793104331544,10178.293104400327,10165.793104461103,10153.293104514763,10140.793104562104,10128.29310460384,10115.793104640603,10103.293104672965,10090.793104701428,10078.293104726443,10065.79310474841,10053.293104767688,10040.79310478459,10028.293104799397,10015.79310481236,10003.293104823695,9990.793104833601,9978.293104842252,9965.7931048498,9953.293104856379,9940.793104862109,9928.293104867094,9915.793104871429,9903.293104875194,9890.793104878463,9878.293104881295,9865.793104883749,9853.293104885874,9840.79310488771,9828.293104889297,9815.793104890665,9803.293104891845,9790.793104892862,9778.293104893737,9765.79310489449,9753.293104895136,9740.79310489569,9728.293104896165,9715.793104896571,9703.293104896919,9690.793104897217,9678.293104897471,9665.793104897686,9653.293104897868,9640.793104898024,9628.293104898157,9615.79310489827,9603.293104898366,9590.793104898446,9578.293104898516,9565.793104898572,9553.293104898621,9540.793104898661,9528.293104898696,9515.793104898723,9503.293104898747,9490.793104898767,9478.293104898783,9465.793104898798,9453.293104898808,9440.79310489882,9428.293104898827,9415.793104898834,9403.29310489884,9390.793104898843,9378.293104898847,9365.793104898848,9353.29310489885,9340.79310489885,9328.29310489885,9315.793104898852,9303.293104898854,9290.793104898854,9278.293104898854,9265.793104898854,9253.293104898854,9240.793104898854,9228.293104898854,9215.793104898854,9203.293104898854,9190.793104898854,9178.293104898854,9165.793104898854,9153.293104898854,9140.793104898854,9128.293104898854,9115.793104898854,9103.293104898854,9090.793104898854,9078.293104898854,9065.793104898854,9053.293104898854,9040.793104898854,9028.293104898854,9015.793104898854,9003.293104898854,8990.793104898854,8978.293104898854,8965.793104898854,8953.293104898854,8940.793104898854,8928.293104898854,8915.793104898854,8903.293104898854,8890.793104898854,8878.293104898854,8865.793104898854,8853.293104898854,8840.793104898854,8828.293104898854,8815.793104898854,8803.293104898854,8790.793104898852,8778.29310489885,8765.793104898847,8753.293104898843,8740.793104898838,8728.293104898828,8715.793104898814,8703.293104898792,8690.79310489876,8678.293104898712,8665.79310489864,8653.29310489853,8640.79310489837,8628.293104898135,8615.793104897788,8603.29310489728,8590.793104896537,8578.293104895452,8565.793104893875,8553.293104891585,8540.793104888273,8528.29310488349,8515.793104876608,8503.293104866725,8490.793104852572,8478.293104832355,8465.793104803548,8453.2931047626,8440.793104704542,8428.293104622422,8415.793104506556,8403.29310434347,8390.793104114477,8378.293103793727,8365.793103345535,8353.293102720785,8340.79310185203,8328.293100646904,8315.793098979226,8303.29309667707,8290.7930935068,8278.293089151744,8265.793083183817,8253.293075025857,8240.793063901798,8228.293048770942,8215.793028241513,8203.293000457328,8190.792962949692,8178.292912444451,8165.792844611439,8153.292753740203,8140.7926323216725,8128.292470510367,8115.792255435341,8103.291970320454,8090.791593365145,8078.291096325676,8065.790442723298,8053.289585589684,8040.788464641005,8028.287002749614,8015.785101556318,8003.282636036045,7990.77944779525,7978.275336840223,7965.770051511475,7953.263276230606,7940.7546166526,7928.243581758901,7915.729562365572,7903.211805457635,7890.689383696896,7878.161159388474,7865.625742133792,7853.081439348521,7840.526198787277,7827.957542198101,7815.372489234654,7802.767470789739,7790.138230987357,7777.479717190125,7764.7859575525545,7752.049925886533,7739.263393910612,7726.416771335917,7713.49893470297,7700.497046427588,7687.396366138893,7674.18005709289,7660.828991210596,7647.321557104067,7633.633476294379,7619.737633663306,7605.6039289789915,7591.199157052491,7576.486924668285,7561.427612834625,7545.978393063374,7530.093306258279,7513.723412312853,7496.817017648603,7479.319986626206,7461.176141016617,7442.327749525266,7422.716106742778,7402.282197898691,7380.967442496854,7358.714506418134,7335.4681685203595,7311.176224304122,7285.790406021623,7259.267295870801,7231.5692068261105,7202.665004388157,7172.530842241774,7141.150785615755,7108.5172981094765,7074.631570906549,7039.503677582477,7003.1525430116435,6965.605720999646,6926.8989819575545,6887.075718890086,6846.186186848157,6804.286597438933,6761.438095640221,6717.705650707632,6673.156896122624,6627.8609551121235,6581.887288171913,6535.304597243791,6488.179817832708,6440.577225606001,6392.557678180279,6344.178006226259,6295.490561102255,6246.5429193688,6197.377738127,6148.032749502471,6098.540878035199,6048.930461416879,5999.225553027742,5949.446284054704,5899.609263522441,5849.727996165344,5799.813300483658,5749.873712303413,5699.915862431937,5649.944820319235,5599.964398783918,5549.977417670836,5499.98592665969,5449.991389277589,5399.9948314722915,5349.996958907157,5299.99824750564,5249.999011783986,5199.9994552555745,5149.99970675743,5099.999846018225,5049.9999212232815,4999.999960785196,4949.9999810321815,4899.999991098975,4849.999995954243,4799.999998222078,4749.999999246091,4699.999999692197,4649.999999879294,4599.999999954655,4549.999999983731,4499.999999994444,4449.999999998201,4399.999999999451,4349.999999999843,4299.999999999958,4249.99999999999,4199.999999999998,4150.0,4100.0,4050.0,4000.0,3950.0,3900.0,3850.0,3800.0,3750.0,3700.0,3650.0,3600.0,3550.0,3500.0,3450.0,3400.0,3350.0,3300.0,3250.0,3200.0,3150.0,3100.0,3050.0,3000.0,2950.0,2900.0,2850.0,2800.0,2750.0,2700.0,2650.0,2600.0,2550.0,2500.0,2450.0,2400.0,2350.0,2300.0,2250.0,2200.0,2150.0,2100.0,2050.0,2000.0,1950.0,1900.0,1850.0,1800.0,1750.0,1700.0,1650.0,1600.0,1550.0,1500.0,1450.0,1400.0,1350.0,1300.0,1250.0,1200.0,1150.0,1100.0,1050.0,1000.0,950.0,900.0,850.0,800.0,750.0,700.0,650.0,600.0,550.0,500.0,450.0,400.0,350.0,300.0,250.0,200.0,150.0,100.0,50.0,0.0
75,11840.75213717201,11828.254813467154,11815.757327629051,11803.259688637267,11790.76190502645,11778.263984905338,11765.765935975125,11753.267765547185,11740.769480560171,11728.271087596517,11715.77259289834,11703.274002382766,11690.77532165669,11678.27655603099,11665.777710534201,11653.27878992567,11640.779798708203,11628.28074114022,11615.781621247424,11603.28244283402,11590.783209493457,11578.28392461876,11565.784591412414,11553.285212895848,11540.785791918513,11528.286331166584,11515.78683317127,11503.287300316792,11490.787734847969,11478.288138877519,11465.788514392982,11453.288863263373,11440.789187245506,11428.289487990027,11415.789767047185,11403.290025872306,11390.79026583103,11378.29048820429,11365.790694193034,11353.290884922744,11340.791061447713,11328.291224755121,11315.791375768891,11303.291515353369,11290.791644316805,11278.291763414654,11265.79187335271,11253.29197479007,11240.792068341954,11228.292154582352,11215.792234046556,11203.292307233525,11190.792374608154,11178.292436603382,11165.792493622208,11153.292546039585,11140.792594204213,11128.292638440214,11115.792679048725,11103.2927163094,11090.792750481809,11078.292781806767,11065.792810507584,11053.292836791234,11040.792860849453,11028.292882859778,11015.792902986517,11003.292921381655,10990.79293818571,10978.292953528531,10965.792967530053,10953.29298030099,10940.792991943497,10928.293002551782,10915.793012212675,10903.293021006173,10890.79302900593,10878.29303627973,10865.79304288992,10853.293048893816,10840.793054344082,10828.293059289077,10815.793063773186,10803.293067837129,10790.793071518232,10778.293074850702,10765.793077865867,10753.293080592397,10740.793083056524,10728.293085282226,10715.793087291418,10703.293089104112,10690.79309073857,10678.293092211452,10665.793093537948,10653.293094731898,10640.793095805902,10628.29309677143,10615.793097638909,10603.293098417822,10590.793099116781,10578.293099743607,10565.79310030539,10553.293100808569,10540.793101258969,10528.293101661871,10515.793102022053,10503.293102343836,10490.793102631127,10478.293102887457,10465.793103116011,10453.293103319666,10440.79310350101,10428.29310366238,10415.793103805878,10403.293103933396,10390.793104046636,10378.293104147127,10365.793104236243,10353.293104315217,10340.793104385151,10328.293104447037,10315.79310450176,10303.293104550114,10290.79310459281,10278.293104630484,10265.793104663699,10253.293104692963,10240.793104718725,10228.293104741388,10215.793104761307,10203.293104778804,10190.79310479416,10178.293104807626,10165.793104819426,10153.293104829756,10140.793104838795,10128.293104846694,10115.793104853594,10103.293104859615,10090.793104864864,10078.293104869437,10065.793104873419,10053.293104876882,10040.793104879891,10028.293104882503,10015.793104884768,10003.29310488673,9990.793104888431,9978.2931048899,9965.79310489117,9953.293104892267,9940.793104893215,9928.293104894032,9915.793104894734,9903.293104895338,9890.793104895856,9878.2931048963,9865.793104896682,9853.29310489701,9840.79310489729,9828.29310489753,9815.793104897733,9803.293104897908,9790.793104898057,9778.293104898185,9765.793104898292,9753.293104898383,9740.79310489846,9728.293104898523,9715.793104898577,9703.293104898625,9690.793104898663,9678.293104898696,9665.793104898725,9653.293104898748,9640.793104898768,9628.293104898785,9615.7931048988,9603.29310489881,9590.79310489882,9578.293104898827,9565.793104898834,9553.29310489884,9540.793104898843,9528.293104898847,9515.793104898848,9503.29310489885,9490.79310489885,9478.29310489885,9465.793104898852,9453.293104898854,9440.793104898854,9428.293104898854,9415.793104898854,9403.293104898854,9390.793104898854,9378.293104898854,9365.793104898854,9353.293104898854,9340.793104898854,9328.293104898854,9315.793104898854,9303.293104898854,9290.793104898854,9278.293104898854,9265.793104898854,9253.293104898854,9240.793104898854,9228.293104898854,9215.793104898854,9203.293104898854,9190.793104898854,9178.293104898854,9165.793104898854,9153.293104898854,9140.793104898854,9128.293104898854,9115.793104898854,9103.293104898854,9090.793104898854,9078.293104898854,9065.793104898854,9053.293104898854,9040.793104898854,9028.293104898854,9015.793104898854,9003.293104898854,8990.793104898854,8978.293104898854,8965.793104898854,8953.293104898854,8940.793104898854,8928.293104898854,8915.793104898854,8903.293104898852,8890.79310489885,8878.293104898848,8865.793104898845,8853.29310489884,8840.79310489883,8828.293104898818,8815.7931048988,8803.293104898772,8790.79310489873,8778.293104898667,8765.793104898574,8753.293104898436,8740.793104898232,8728.293104897934,8715.793104897497,8703.29310489686,8690.793104895933,8678.293104894583,8665.793104892628,8653.293104889803,8640.79310488573,8628.293104879875,8615.793104871478,8603.293104859464,8590.79310484232,8578.293104817916,8565.79310478326,8553.293104734166,8540.793104664783,8528.293104566967,8515.793104429391,8503.29310423636,8490.793103966165,8478.293103588861,8465.793103063246,8453.293102332766,8440.793101319996,8428.293099919207,8415.793097986381,8403.293095325856,8390.793091672487,8378.293086667905,8365.79307982901,8353.293070506279,8340.793057828741,8328.293040631626,8315.793017361455,8303.292985951968,8290.792943662425,8278.292886867523,8265.792810785351,8253.292709126254,8240.792573641067,8228.292393541931,8215.792154762192,8203.291839014015,8190.791422592687,8178.290874864921,8165.790156364697,8153.2892164037185,8140.787990084138,8128.286394578592,8115.784324516179,8103.281646282745,8090.778191009171,8078.2737459822965,8065.768044169344,8053.260751498465,8040.751451485455,8028.239626740304,8015.724636828008,8003.205691897116,7990.68182142866,7978.151837399686,7965.614291102476,7953.067422816478,7940.509103499164,7927.936767649806,7915.347336512334,7902.7371308265665,7890.10177241848,7877.436074047222,7864.733917107088,7851.9881170240515,7839.190276495548,7826.330627104562,7813.397860298512,7800.378949261107,7787.258963819244,7774.0208812109,7760.645396282907,7747.110735472925,7733.392479735254,7719.463402366439,7705.2933284385,7690.849023213694,7676.094117448396,7660.989077844301,7645.491231020318,7629.554849206012,7613.131305348648,7596.169304439018,7578.6151965651825,7560.413375481761,7541.506764337317,7521.837387658017,7501.347025790768,7479.977944838758,7457.673691778824,7434.379941060794,7410.045375703455,7384.62258288655,7358.068941468979,7330.347476916334,7301.427657961867,7271.286109097624,7239.9072138070915,7207.283585372409,7173.416385129063,7138.31547214865,7101.99937339075,7064.495069199024,7025.837595386405,6986.069469773165,6945.239957588777,6903.404196287467,6860.622205726777,6816.95781401462,6772.477532389019,6727.249414070407,6681.341932018189,6634.822908924254,6587.758529676596,6540.212462109401,6492.2451063860935,6443.912987166186,6395.268296152093,6346.358586077928,6297.2266110536,6247.910302738401,6198.4428673498005,6148.852985197129,6099.165092359059,6049.39972330124,5999.573893574739,5949.701503094773,5899.793742667104,5849.8594891688645,5799.90567785407,5749.937643404726,5699.959424377515,5649.974028435794,5599.983658087669,5549.989898504501,5499.993870349312,5449.996351421033,5399.997871369775,5349.998783832393,5299.999320159146,5249.999628534305,5199.999801813035,5149.999896868641,5099.999947719057,5049.999974214832,4999.999987644467,4949.999994256753,4899.99999741453,4849.999998874819,4799.99999952756,4749.99999980903,4699.999999925863,4649.999999972433,4599.999999990212,4549.999999996692,4499.99999999894,4449.99999999968,4399.999999999909,4349.999999999976,4299.9999999999945,4249.999999999999,4200.0,4150.0,4100.0,4050.0,4000.0,3950.0,3900.0,3850.0,3800.0,3750.0,3700.0,3650.0,3600.0,3550.0,3500.0,3450.0,3400.0,3350.0,3300.0,3250.0,3200.0,3150.0,3100.0,3050.0,3000.0,2950.0,2900.0,2850.0,2800.0,2750.0,2700.0,2650.0,2600.0,2550.0,2500.0,2450.0,2400.0,2350.0,2300.0,2250.0,2200.0,2150.0,2100.0,2050.0,2000.0,1950.0,1900.0,1850.0,1800.0,1750.0,1700.0,1650.0,1600.0,1550.0,1500.0,1450.0,1400.0,1350.0,1300.0,1250.0,1200.0,1150.0,1100.0,1050.0,1000.0,950.0,900.0,850.0,800.0,750.0,700.0,650.0,600.0,550.0,500.0,450.0,400.0,350.0,300.0,250.0,200.0,150.0,100.0,50.0,0.0
76,11915.76927395756,11903.270880678716,11890.772386573122,11878.273797454884,11865.775118835822,11853.276355939208,11840.777513712996,11828.278596842529,11815.77960976279,11803.280556670154,11790.781441533689,11778.282268106013,11765.783039933716,11753.283760367352,11740.784432571036,11728.285059531632,11715.785644067568,11703.286188837272,11690.786696347255,11678.287168959836,11665.787608900544,11653.288018265188,11640.788399026607,11628.288753041135,11615.78908205476,11603.289387709001,11590.789671546525,11578.289935016495,11565.790179479665,11553.290406213237,11540.790616415487,11528.290811210167,11515.790991650685,11503.291158724092,11490.791313354859,11478.291456408477,11465.79158869486,11453.291710971589,11440.791823946984,11428.29192828301,11415.792024598042,11403.292113469477,11390.792195436208,11378.292271000966,11365.79234063254,11353.29240476786,11340.792463813988,11328.29251814998,11315.792568128647,11303.292614078235,11290.792656303976,11278.292695089582,11265.79273069863,11253.292763375877,11240.792793348506,11228.292820827273,11215.792846007613,11203.292869070656,11190.792890184204,11178.292909503625,11165.792927172715,11153.292943324486,11140.792958081918,11128.29297155866,11115.792983859683,11103.292995081896,11090.793005314716,11078.29301464061,11065.793023135599,11053.293030869718,11040.793037907459,11028.293044308177,11015.793050126475,11003.29305541255,10990.793060212536,10978.293064568797,10965.793068520228,10953.293072102504,10940.793075348345,10928.293078287737,10915.793080948142,10903.293083354705,10890.79308553043,10878.293087496351,10865.793089271698,10853.29309087403,10840.793092319382,10828.29309362238,10815.793094796363,10803.293095853489,10790.79309680483,10778.293097660464,10765.793098429564,10753.293099120465,10740.793099740746,10728.293100297284,10715.793100796325,10703.293101243535,10690.793101644049,10678.293102002519,10665.793102323156,10653.293102609772,10640.793102865815,10628.293103094398,10615.793103298334,10603.293103480162,10590.793103642174,10578.293103786435,10565.793103914802,10553.293104028951,10540.79310413039,10528.29310422047,10515.79310430041,10503.293104371302,10490.793104434126,10478.293104489763,10465.793104538998,10453.293104582539,10440.793104621016,10428.293104654993,10415.793104684974,10403.29310471141,10390.793104734705,10378.293104755214,10365.793104773258,10353.293104789122,10340.793104803057,10328.29310481529,10315.79310482602,10303.293104835422,10290.793104843657,10278.293104850862,10265.793104857163,10253.293104862665,10240.793104867469,10228.29310487166,10215.79310487531,10203.29310487849,10190.793104881255,10178.293104883658,10165.793104885746,10153.293104887558,10140.793104889128,10128.293104890488,10115.793104891665,10103.293104892682,10090.793104893562,10078.293104894321,10065.793104894974,10053.293104895536,10040.793104896022,10028.293104896438,10015.793104896797,10003.293104897102,9990.793104897366,9978.29310489759,9965.793104897783,9953.293104897948,9940.79310489809,9928.29310489821,9915.793104898312,9903.2931048984,9890.793104898474,9878.293104898536,9865.793104898588,9853.293104898632,9840.79310489867,9828.293104898701,9815.793104898728,9803.29310489875,9790.793104898768,9778.293104898785,9765.7931048988,9753.29310489881,9740.79310489882,9728.293104898827,9715.793104898834,9703.29310489884,9690.793104898843,9678.293104898847,9665.793104898848,9653.29310489885,9640.79310489885,9628.29310489885,9615.793104898852,9603.293104898854,9590.793104898854,9578.293104898854,9565.793104898854,9553.293104898854,9540.793104898854,9528.293104898854,9515.793104898854,9503.293104898854,9490.793104898854,9478.293104898854,9465.793104898854,9453.293104898854,9440.793104898854,9428.293104898854,9415.793104898854,9403.293104898854,9390.793104898854,9378.293104898854,9365.793104898854,9353.293104898854,9340.793104898854,9328.293104898854,9315.793104898854,9303.293104898854,9290.793104898854,9278.293104898854,9265.793104898854,9253.293104898854,9240.793104898854,9228.293104898854,9215.793104898854,9203.293104898854,9190.793104898854,9178.293104898854,9165.793104898854,9153.293104898854,9140.793104898854,9128.293104898854,9115.793104898854,9103.293104898854,9090.793104898854,9078.293104898854,9065.793104898854,9053.293104898854,9040.793104898854,9028.293104898854,9015.793104898854,9003.293104898852,8990.79310489885,8978.293104898847,8965.793104898841,8953.293104898834,8940.793104898823,8928.293104898807,8915.793104898781,8903.293104898745,8890.79310489869,8878.29310489861,8865.793104898492,8853.293104898317,8840.79310489806,8828.293104897686,8815.793104897139,8803.293104896344,8790.793104895192,8778.293104893524,8765.793104891116,8753.293104887649,8740.793104882669,8728.293104875534,8715.79310486534,8703.293104850807,8690.793104830138,8678.293104800812,8665.793104759305,8653.293104700691,8640.793104618122,8628.293104502076,8615.79310433937,8603.293104111772,8590.793103794153,8578.293103351947,8565.793102737729,8553.293101886597,8540.793100709949,8528.293099087132,8515.793096854266,8503.293093789325,8490.79308959227,8478.29308385868,8465.793076044873,8453.29306542184,8440.79305101467,8428.293031523062,8415.793005217383,8403.29296980314,8390.792922244827,8378.292858537687,8365.792773412948,8353.292659958373,8340.792509131395,8328.292309136537,8315.792044632006,8303.291695722082,8290.791236681973,8278.290634349933,8265.789846107178,8253.288817349436,8240.787478334174,8228.28574026463,8215.783490445123,8203.280586311655,8190.776848107131,8178.272049931516,8165.765908853863,8153.2580717254295,8140.748099281516,8128.235447064568,8115.719442643681,8103.199258547058,8090.673880266107,8078.1420686350975,8065.6023158415355,8053.052794283385,8040.491297464294,8027.915172112109,8015.321240725055,8002.705713800304,7990.064091088273,7977.3910513499795,7964.680330281478,7951.924586515734,7939.115255924378,7926.242394824706,7913.2945131538645,7900.258399203167,7887.118938107822,7873.858926954537,7860.458890089831,7846.896898968762,7833.1484016546165,7819.186067836307,7804.979655937361,7790.495909508281,7775.698490578063,7760.547957942432,7745.001798436468,7729.014519028634,7712.53780703695,7695.520764867888,7677.9102243871275,7659.651144335237,7640.687092105293,7620.960808728825,7600.414853120335,7578.992318582652,7556.6376113745355,7533.297277910312,7508.9208640418,7483.461787022805,7456.878198342154,7429.133813797759,7400.1986861265395,7370.049895336746,7338.672132711624,7306.058156325624,7272.209098844156,7237.134612315904,7200.852839502744,7163.390206856838,7124.781040322925,7085.067011446825,7044.296427507244,7002.523385241322,6959.806812893867,6916.209429500265,6871.796653273754,6826.635492532887,6780.793452676755,6734.337491283103,6687.333050548017,6639.84319217178,6591.927854666964,6543.643247224527,6495.041388062961,6446.169788959736,6397.071281767379,6347.783977456832,6298.341343860064,6248.772384981727,6199.101902613653,6149.350820030176,6099.536547701293,6049.673372101346,5999.7728506279545,5949.844198161136,5899.8946536551675,5849.929818141471,5799.953958428872,5749.970273453018,5699.981122528522,5649.98821662125,5599.992775154831,5549.99565180516,5499.997433261009,5449.998515100985,5399.9991588321955,5349.999533831997,5299.999747504848,5249.999866475391,5199.999931137746,5149.999965406851,5099.999983094644,5049.999991974457,4999.9999963044465,4949.999998352139,4899.999999289749,4849.99999970468,4799.9999998818,4749.999999954571,4699.999999983278,4649.999999994124,4599.9999999980355,4549.999999999378,4499.9999999998145,4449.999999999948,4399.999999999987,4349.999999999997,4300.0,4250.0,4200.0,4150.0,4100.0,4050.0,4000.0,3950.0,3900.0,3850.0,3800.0,3750.0,3700.0,3650.0,3600.0,3550.0,3500.0,3450.0,3400.0,3350.0,3300.0,3250.0,3200.0,3150.0,3100.0,3050.0,3000.0,2950.0,2900.0,2850.0,2800.0,2750.0,2700.0,2650.0,2600.0,2550.0,2500.0,2450.0,2400.0,2350.0,2300.0,2250.0,2200.0,2150.0,2100.0,2050.0,2000.0,1950.0,1900.0,1850.0,1800.0,1750.0,1700.0,1650.0,1600.0,1550.0,1500.0,1450.0,1400.0,1350.0,1300.0,1250.0,1200.0,1150.0,1100.0,1050.0,1000.0,950.0,900.0,850.0,800.0,750.0,700.0,650.0,600.0,550.0,500.0,450.0,400.0,350.0,300.0,250.0,200.0,150.0,100.0,50.0,0.0
77,11990.77943475272,11978.280385205386,11965.781273942304,11953.282104663129,11940.782880866162,11928.283605858043,11915.784282763048,11903.284914531996,11890.785503950796,11878.286053648644,11865.78656610586,11853.2870436614,11840.787488520029,11828.287902759213,11815.788288335678,11803.288647091684,11790.78898076103,11778.28929097478,11765.789579266728,11753.289847078604,11740.790095765056,11728.290326598373,11715.790540773014,11703.290739409887,11690.790923560457,11678.291094210617,11665.791252284405,11653.291398647507,11640.7915341106,11628.291659432529,11615.79177532331,11603.291882446993,11590.79198142436,11578.2920728355,11565.792157222239,11553.292235090434,11540.792306912163,11528.29237312778,11515.792434147868,11503.292490355074,11490.792542105853,11478.292589732118,11465.792633542775,11453.292673825197,11440.792710846603,11428.292744855353,11415.79277608217,11403.292804741302,11390.792831031597,11378.292855137524,11365.79287723014,11353.29289746798,11340.792915997907,11328.292932955908,11315.792948467843,11303.292962650126,11290.792975610406,11278.292987448154,11265.79299825526,11253.29300811655,11240.793017110309,11228.293025308732,11215.79303277838,11203.29303958057,11190.79304577178,11178.293051403987,11165.793056525017,11153.29306117884,11140.793065405867,11128.293069243216,11115.793072724966,11103.293075882386,11090.793078744155,11078.293081336556,11065.793083683668,11053.293085807543,11040.793087728356,11028.293089464561,11015.79309103303,11003.293092449174,10990.793093727067,10978.293094879551,10965.793095918343,10953.29309685412,10940.79309769661,10928.293098454675,10915.793099136374,10903.29309974904,10890.793100299337,10878.293100793318,10865.793101236484,10853.293101633819,10840.793101989846,10828.293102308668,10815.79310259399,10803.29310284918,10790.793103077274,10778.293103281023,10765.79310346291,10753.293103625174,10740.793103769844,10728.29310389874,10715.79310401351,10703.293104115633,10690.793104206445,10678.293104287142,10665.793104358805,10653.2931044224,10640.7931044788,10628.293104528784,10615.79310457305,10603.293104612225,10590.793104646871,10578.29310467749,10565.793104704531,10553.293104728393,10540.793104749437,10528.293104767981,10515.793104784309,10503.293104798677,10490.79310481131,10478.293104822409,10465.793104832153,10453.293104840703,10440.793104848197,10428.293104854762,10415.793104860506,10403.29310486553,10390.79310486992,10378.293104873752,10365.793104877095,10353.293104880011,10340.793104882549,10328.293104884759,10315.79310488668,10303.293104888347,10290.793104889795,10278.293104891052,10265.793104892142,10253.293104893086,10240.7931048939,10228.293104894605,10215.793104895212,10203.293104895736,10190.793104896187,10178.293104896575,10165.79310489691,10153.293104897195,10140.793104897442,10128.293104897655,10115.793104897837,10103.293104897992,10090.793104898123,10078.293104898237,10065.793104898334,10053.293104898417,10040.793104898486,10028.293104898547,10015.793104898596,10003.29310489864,9990.793104898676,9978.293104898707,9965.793104898732,9953.293104898754,9940.793104898772,9928.293104898787,9915.7931048988,9903.29310489881,9890.79310489882,9878.293104898827,9865.793104898834,9853.29310489884,9840.793104898843,9828.293104898847,9815.793104898848,9803.29310489885,9790.79310489885,9778.29310489885,9765.793104898852,9753.293104898854,9740.793104898854,9728.293104898854,9715.793104898854,9703.293104898854,9690.793104898854,9678.293104898854,9665.793104898854,9653.293104898854,9640.793104898854,9628.293104898854,9615.793104898854,9603.293104898854,9590.793104898854,9578.293104898854,9565.793104898854,9553.293104898854,9540.793104898854,9528.293104898854,9515.793104898854,9503.293104898854,9490.793104898854,9478.293104898854,9465.793104898854,9453.293104898854,9440.793104898854,9428.293104898854,9415.793104898854,9403.293104898854,9390.793104898854,9378.293104898854,9365.793104898854,9353.293104898854,9340.793104898854,9328.293104898854,9315.793104898854,9303.293104898854,9290.793104898854,9278.293104898854,9265.793104898854,9253.293104898854,9240.793104898854,9228.293104898854,9215.793104898854,9203.293104898854,9190.793104898854,9178.293104898854,9165.793104898854,9153.293104898854,9140.793104898854,9128.293104898854,9115.793104898852,9103.29310489885,9090.793104898847,9078.293104898843,9065.793104898838,9053.293104898828,9040.793104898814,9028.293104898792,9015.79310489876,9003.293104898712,8990.793104898643,8978.293104898541,8965.79310489839,8953.29310489817,8940.79310489785,8928.29310489738,8915.7931048967,8903.293104895714,8890.793104894292,8878.293104892242,8865.793104889291,8853.293104885059,8840.793104879,8828.29310487035,8815.793104858032,8803.29310484053,8790.793104815719,8778.29310478063,8765.793104731121,8753.293104661429,8740.793104563552,8728.293104426415,8715.793104234708,8703.293103967339,8690.79310359531,8678.293103078848,8665.793102363543,8653.293101375137,8640.793100012546,8628.293098138496,8615.793095567042,8603.293092046952,8590.793087239637,8578.29308068995,8565.793071787632,8553.293059716583,8540.793043388296,8528.293021354752,8515.792991694834,8503.292951866604,8490.792898515825,8478.29282722851,8465.792732212194,8453.292605886701,8440.792438360455,8428.292216762535,8415.791924393674,8403.291539650812,8390.791034669619,8378.290373617157,8365.789510552342,8353.288386754753,8340.786927402327,8328.285037455218,8315.782596576264,8303.279452887899,8290.775415330676,8278.270244349696,8265.763640592264,8253.255231253013,8240.744553652163,8228.231035578898,8215.713971876281,8203.192496687992,8190.665550732305,8178.131842917552,8165.589805568996,8153.037542502893,8140.472769164251,8127.892744045118,8115.294190625942,8102.673209139775,8090.025177554497,8077.34464130869,8064.625191529108,8051.859331708236,8039.038333134993,8026.1520797542535,8013.188903584129,8000.135412343551,7986.976311533238,7973.694223863309,7960.269509618796,7946.680092283055,7932.90129447628,7918.905689983799,7904.662978312981,7890.139888789655,7875.300121641949,7860.104333775616,7844.510176973171,7828.47239600391,7811.942993571352,7794.871468114071,7777.205129191192,7758.889493514495,7739.868762641863,7720.086380948489,7699.485669791684,7678.010530854543,7655.60620858875,7632.2200985948475,7607.80258581516,7582.307893720007,7555.694923398214,7527.928059773623,7498.977921205092,7468.822028612424,7437.445371098309,7404.840846859871,7371.009561008118,7335.960965690612,7299.712832537069,7262.2910527582335,7223.729266013724,7184.06832517061,7143.355610018294,7101.644208589763,7058.991989672284,7015.460594103246,6971.114375312625,6926.019321124986,6880.241988976218,6833.8484854195485,6786.903518162342,6739.469545041582,6691.606039535146,6643.368886898512,6594.809919130061,6545.9765910355945,6496.911794008228,6447.653799056719,6398.2363163460595,6348.688655235287,6299.0359666105105,6249.2995482392935,6199.497193864934,6149.643567699692,6099.75058769809,6049.827803294835,5999.882755961715,5949.921313762293,5899.947973869418,5849.966129597366,5799.978300765859,5749.986328078699,5699.991533628877,5649.9948506365035,5599.996926118176,5549.998200431192,5499.998967601376,5449.999420101765,5399.999681371334,5349.999828910672,5299.999910316495,5249.999954157598,5199.999977177451,5149.999988948051,5099.999994801457,5049.999997628458,4999.999998952469,4949.999999552798,4899.999999815846,4849.999999927013,4799.999999972225,4749.999999989879,4699.99999999648,4649.999999998836,4599.999999999635,4549.999999999893,4499.999999999971,4449.999999999993,4399.999999999998,4350.0,4300.0,4250.0,4200.0,4150.0,4100.0,4050.0,4000.0,3950.0,3900.0,3850.0,3800.0,3750.0,3700.0,3650.0,3600.0,3550.0,3500.0,3450.0,3400.0,3350.0,3300.0,3250.0,3200.0,3150.0,3100.0,3050.0,3000.0,2950.0,2900.0,2850.0,2800.0,2750.0,2700.0,2650.0,2600.0,2550.0,2500.0,2450.0,2400.0,2350.0,2300.0,2250.0,2200.0,2150.0,2100.0,2050.0,2000.0,1950.0,1900.0,1850.0,1800.0,1750.0,1700.0,1650.0,1600.0,1550.0,1500.0,1450.0,1400.0,1350.0,1300.0,1250.0,1200.0,1150.0,1100.0,1050.0,1000.0,950.0,900.0,850.0,800.0,750.0,700.0,650.0,600.0,550.0,500.0,450.0,400.0,350.0,300.0,250.0,200.0,150.0,100.0,50.0,0.0
78,12065.78537161888,12053.285925664824,12040.786442522882,12028.2869245073,12015.78737380076,12003.28779246106,11990.788182427505,11978.288545527006,11965.788883479918,11953.289197905615,11940.78949032781,11928.289762179633,11915.790014808477,11903.290249480617,11890.79046738561,11878.29066964049,11865.790857293763,11853.291031329205,11840.79119266948,11828.291342179578,11815.791480670081,11803.29160890027,11790.791727581076,11778.291837377874,11765.791938913142,11753.292032768977,11740.792119489486,11728.292199583038,11715.792273524421,11703.292341756853,11690.792404693913,11678.292462721349,11665.792516198791,11653.29256546138,11640.792610821283,11628.292652569155,11615.792690975486,11603.292726291897,11590.792758752345,11578.292788574263,11565.792815959641,11553.292841096032,11540.792864157505,11528.292885305538,11515.792904689864,11503.292922449255,11490.792938712264,11478.292953597926,11465.792967216406,11453.292979669615,11440.79299105178,11428.29300144998,11415.793010944655,11403.293019610071,11390.793027514763,11378.293034721944,11365.793041289893,11353.29304727231,11340.793052718647,11328.293057674437,11315.793062181561,11303.29306627854,11290.79307000078,11278.293073380803,11265.793076448472,11253.293079231193,11240.7930817541,11228.293084040239,11215.793086110723,11203.293087984892,11190.793089680437,11178.293091213553,11165.79309259904,11153.293093850427,11140.793094980067,11128.293095999235,11115.793096918222,11103.293097746406,11090.793098492337,11078.2930991638,11065.793099767883,11053.29310031103,11040.793100799106,11028.293101237437,11015.793101630863,11003.293101983772,10990.79310230015,10978.293102583606,10965.793102837413,10953.293103064534,10940.79310326765,10928.293103449185,10915.793103611333,10903.293103756074,10890.793103885193,10878.293104000304,10865.793104102864,10853.29310419418,10840.793104275432,10828.293104347684,10815.793104411887,10803.293104468903,10790.793104519502,10778.293104564376,10765.793104604147,10753.293104639368,10740.793104670542,10728.293104698112,10715.79310472248,10703.293104744,10690.793104762995,10678.293104779748,10665.793104794511,10653.293104807513,10640.793104818955,10628.293104829016,10615.793104837856,10603.29310484562,10590.79310485243,10578.293104858403,10565.793104863635,10553.293104868215,10540.793104872222,10528.293104875724,10515.793104878781,10503.29310488145,10490.793104883776,10478.293104885803,10465.793104887567,10453.293104889102,10440.793104890436,10428.293104891593,10415.793104892598,10403.29310489347,10390.793104894225,10378.293104894878,10365.793104895442,10353.293104895929,10340.79310489635,10328.293104896711,10315.793104897024,10303.293104897293,10290.793104897522,10278.293104897719,10265.79310489789,10253.293104898037,10240.793104898163,10228.293104898268,10215.793104898361,10203.29310489844,10190.793104898505,10178.293104898563,10165.79310489861,10153.29310489865,10140.793104898685,10128.293104898714,10115.793104898738,10103.293104898758,10090.793104898774,10078.293104898788,10065.793104898801,10053.29310489881,10040.79310489882,10028.293104898827,10015.793104898834,10003.29310489884,9990.793104898843,9978.293104898847,9965.793104898848,9953.29310489885,9940.79310489885,9928.29310489885,9915.793104898852,9903.293104898854,9890.793104898854,9878.293104898854,9865.793104898854,9853.293104898854,9840.793104898854,9828.293104898854,9815.793104898854,9803.293104898854,9790.793104898854,9778.293104898854,9765.793104898854,9753.293104898854,9740.793104898854,9728.293104898854,9715.793104898854,9703.293104898854,9690.793104898854,9678.293104898854,9665.793104898854,9653.293104898854,9640.793104898854,9628.293104898854,9615.793104898854,9603.293104898854,9590.793104898854,9578.293104898854,9565.793104898854,9553.293104898854,9540.793104898854,9528.293104898854,9515.793104898854,9503.293104898854,9490.793104898854,9478.293104898854,9465.793104898854,9453.293104898854,9440.793104898854,9428.293104898854,9415.793104898854,9403.293104898854,9390.793104898854,9378.293104898854,9365.793104898854,9353.293104898854,9340.793104898854,9328.293104898854,9315.793104898854,9303.293104898854,9290.793104898854,9278.293104898854,9265.793104898854,9253.293104898854,9240.793104898854,9228.293104898852,9215.79310489885,9203.293104898848,9190.793104898845,9178.29310489884,9165.793104898832,9153.29310489882,9140.793104898801,9128.293104898774,9115.793104898732,9103.293104898672,9090.793104898583,9078.293104898454,9065.793104898265,9053.293104897988,9040.793104897588,9028.293104897008,9015.793104896165,9003.293104894952,8990.793104893204,8978.293104890696,8965.7931048871,8953.293104881956,8940.79310487462,8928.29310486418,8915.793104849363,8903.293104828374,8890.793104798715,8878.293104756902,8865.793104698085,8853.29310461554,8840.79310449996,8828.29310433849,8815.793104113429,8803.29310380044,8790.793103366173,8778.293102765008,8765.793101934705,8753.29310079056,8740.793099217579,8728.293097060021,8715.793094107494,8703.293090076491,8690.793084585941,8678.293077124932,8665.793067010227,8653.293053330504,8640.793034873375,8628.293010030167,8615.792976672039,8603.292931989326,8590.792872283819,8578.292792701031,8565.792686886238,8553.292546543966,8540.792360875737,8528.292115864773,8515.79179336909,8503.291369975645,8490.790815557615,8478.29009146442,8465.78914825922,8453.287922901283,8440.786335250223,8428.284283745692,8415.781640089059,8403.278242722898,8390.773888869531,8378.268324851162,8365.761234371648,8353.2522243936,8340.740808194936,8328.226385136857,8315.708216621551,8303.185397664207,8290.656823452133,8278.121150216271,8265.576749700238,8253.021656482924,8240.453507396851,8227.869472290808,8215.266175417364,8202.639606789608,8189.985022953274,8177.296836766773,8164.568495979049,8151.792350649408,8138.959509769707,8126.059687831178,8113.081042527363,8100.010005300472,8086.831107016816,8073.52680169008,8060.077291846922,8046.460359830535,8032.651210042272,8018.6223278014895,8004.343361126699,7989.7810322696005,7974.899086226221,7959.658283662787,7944.016445683625,7927.928557591632,7911.346938210093,7894.221480416276,7876.499967261199,7858.128466408328,7839.051803625463,7819.214113736432,7798.5594648310025,7777.032548713516,7754.579427635348,7731.1483244161545,7706.690440243559,7681.16078189227,7654.518977969381,7626.730062218755,7597.765201039296,7567.602342304968,7536.226763404846,7503.631498197268,7469.817625296228,7434.794403732583,7398.579246457049,7361.197527223485,7322.682221909901,7283.073391061569,7242.417516109415,7200.76670704822,7158.177804078146,7114.711399566529,7070.430809460773,7025.4010248183,6979.687674323975,6933.356027522965,6886.470066069711,6839.091646719873,6791.279775277404,6743.090005513226,6694.573971491307,6645.779056084103,6596.7481930381455,6547.519795040696,6498.127796073165,6448.6017930896105,6398.967269833162,6349.245884431038,6299.455802251565,6249.612056263837,6199.726918662739,6149.8102696257865,6099.869951553484,6049.9120998121325,5999.94144366255,5949.961573562809,5899.9751732562,5849.984216915034,5799.990133064211,5749.993938049722,5699.996342470567,5649.99783430463,5599.998742491083,5549.999284550975,5499.9996015005745,5449.999782899384,5399.999884427432,5349.999939944193,5299.9999695718925,5249.999984986186,5199.999992794921,5149.999996641792,5099.999998482126,5049.999999335794,4999.999999719119,4949.99999988544,4899.999999955035,4849.999999983056,4799.999999993887,4749.999999997895,4699.9999999993115,4649.999999999787,4599.999999999938,4549.999999999984,4499.999999999996,4449.999999999999,4400.0,4350.0,4300.0,4250.0,4200.0,4150.0,4100.0,4050.0,4000.0,3950.0,3900.0,3850.0,3800.0,3750.0,3700.0,3650.0,3600.0,3550.0,3500.0,3450.0,3400.0,3350.0,3300.0,3250.0,3200.0,3150.0,3100.0,3050.0,3000.0,2950.0,2900.0,2850.0,2800.0,2750.0,2700.0,2650.0,2600.0,2550.0,2500.0,2450.0,2400.0,2350.0,2300.0,2250.0,2200.0,2150.0,2100.0,2050.0,2000.0,1950.0,1900.0,1850.0,1800.0,1750.0,1700.0,1650.0,1600.0,1550.0,1500.0,1450.0,1400.0,1350.0,1300.0,1250.0,1200.0,1150.0,1100.0,1050.0,1000.0,950.0,900.0,850.0,800.0,750.0,700.0,650.0,600.0,550.0,500.0,450.0,400.0,350.0,300.0,250.0,200.0,150.0,100.0,50.0,0.0
79,12140.788790308285,12128.289108602003,12115.789404833016,12103.289680424763,12090.789936716319,12078.290174966904,12065.790396360171,12053.2906020083,12040.790792955897,12028.290970183705,12015.791134612138,12003.29128710464,11990.791428470879,11978.291559469797,11965.791680812483,11953.291793164926,11940.791897150611,11928.291993352988,11915.792082317823,11903.292164555405,11890.792240542662,11878.29231072515,11865.792375518937,11853.292435312387,11840.792490467858,11828.29254132329,11815.792588193712,11803.292631372677,11790.792671133593,11778.292707731007,11765.792741401796,11753.29277236629,11740.792800829346,11728.292826981342,11715.792850999127,11703.292873046901,11690.792893277057,11678.292911830964,11665.792928839699,11653.292944424747,11640.792958698647,11628.292971765604,11615.79298372206,11603.292994657228,11590.793004653602,11578.29301378742,11565.793022129103,11553.293029743678,11540.793036691153,11528.293043026879,11515.793048801888,11503.293054063211,11490.793058854162,11478.293063214618,11465.79306718127,11453.293070787862,11440.793074065414,11428.293077042425,11415.793079745066,11403.293082197359,11390.793084421335,11378.2930864372,11365.793088263468,11353.293089917097,11340.79309141361,11328.293092767213,11315.793093990891,11303.29309509652,11290.793096094942,11278.293096996058,11265.793097808906,11253.293098541724,11240.793099202023,11228.293099796645,11215.793100331819,11203.293100813216,11190.793101245994,11178.293101634836,11165.793101984002,11153.293102297357,11140.79310257841,11128.293102830341,11115.793103056034,11103.2931032581,11090.793103438904,11078.293103600583,11065.793103745076,11053.293103874128,11040.793103989317,11028.29310409207,11015.793104183673,11003.293104265284,10990.793104337943,10978.293104402595,10965.793104460085,10953.293104511169,10940.793104556535,10928.293104596796,10915.793104632503,10903.29310466415,10890.793104692177,10878.293104716984,10865.793104738925,10853.293104758319,10840.793104775448,10828.29310479057,10815.793104803906,10803.29310481566,10790.793104826012,10778.293104835124,10765.793104843138,10753.293104850181,10740.793104856366,10728.293104861794,10715.793104866554,10703.293104870725,10690.793104874378,10678.293104877574,10665.793104880366,10653.293104882805,10640.793104884933,10628.293104886792,10615.79310488841,10603.293104889819,10590.793104891045,10578.293104892111,10565.793104893037,10553.29310489384,10540.793104894537,10528.293104895141,10515.793104895663,10503.293104896115,10490.793104896506,10478.293104896842,10465.793104897133,10453.293104897384,10440.7931048976,10428.293104897786,10415.793104897946,10403.293104898083,10390.7931048982,10378.293104898301,10365.793104898386,10353.293104898461,10340.793104898523,10328.293104898576,10315.793104898621,10303.29310489866,10290.793104898692,10278.29310489872,10265.793104898743,10253.293104898763,10240.79310489878,10228.293104898792,10215.793104898805,10203.293104898814,10190.793104898821,10178.293104898828,10165.793104898834,10153.29310489884,10140.793104898843,10128.293104898847,10115.793104898848,10103.29310489885,10090.79310489885,10078.29310489885,10065.793104898852,10053.293104898854,10040.793104898854,10028.293104898854,10015.793104898854,10003.293104898854,9990.793104898854,9978.293104898854,9965.793104898854,9953.293104898854,9940.793104898854,9928.293104898854,9915.793104898854,9903.293104898854,9890.793104898854,9878.293104898854,9865.793104898854,9853.293104898854,9840.793104898854,9828.293104898854,9815.793104898854,9803.293104898854,9790.793104898854,9778.293104898854,9765.793104898854,9753.293104898854,9740.793104898854,9728.293104898854,9715.793104898854,9703.293104898854,9690.793104898854,9678.293104898854,9665.793104898854,9653.293104898854,9640.793104898854,9628.293104898854,9615.793104898854,9603.293104898854,9590.793104898854,9578.293104898854,9565.793104898854,9553.293104898854,9540.793104898854,9528.293104898854,9515.793104898854,9503.293104898854,9490.793104898854,9478.293104898854,9465.793104898854,9453.293104898854,9440.793104898854,9428.293104898854,9415.793104898854,9403.293104898854,9390.793104898854,9378.293104898854,9365.793104898854,9353.293104898854,9340.793104898854,9328.293104898852,9315.79310489885,9303.293104898847,9290.793104898843,9278.293104898836,9265.793104898825,9253.293104898808,9240.793104898785,9228.293104898748,9215.793104898697,9203.293104898621,9190.79310489851,9178.293104898348,9165.793104898112,9153.293104897768,9140.793104897271,9128.293104896553,9115.793104895518,9103.29310489403,9090.793104891896,9078.29310488884,9065.793104884477,9053.293104878256,9040.793104869412,9028.293104856868,9015.793104839115,9003.29310481405,8990.793104778739,8978.293104729106,8965.793104659497,8953.29310456209,8940.793104426095,8928.293104236647,8915.793103973334,8903.293103608179,8890.79310310293,8878.293102405416,8865.793101444659,8853.293100124309,8840.793098313912,8828.293095837265,8815.793092456952,8803.293087853883,8790.79308160027,8778.293073124047,8765.793061662152,8753.293046199373,8740.793025388519,8728.292997446533,8715.792960019693,8703.292910009219,8690.792843346397,8678.292754703469,8665.792637123119,8653.292481545204,8640.79227620417,8628.292005864376,8615.791650853014,8603.291185841255,8590.79057831342,8578.289786651192,8565.78875774477,8553.287424025119,8540.785699791015,8528.283476680746,8515.780618111268,8503.276952476846,8490.772264864634,8478.266287006372,8465.758685143213,8453.249045435263,8440.73685649888,8428.221488604158,8415.702169013382,8403.177952889908,8390.647689158264,8378.109980652323,8365.563137852514,8353.005125488757,8340.433501277275,8327.845346071626,8315.2371847464,8302.604897201993,8289.943618986623,8277.247631183638,8264.510239414001,8251.723642061232,8238.878788143413,8225.965225637417,8212.970941505126,8199.882195179072,8186.683347830781,8173.35669036109,8159.882273705363,8146.237745720648,8132.398199594372,8118.33603935821,8104.020868674146,8089.419409546803,8074.495457966907,8059.209883664214,8043.520681102208,8027.383078541629,8010.749711399634,7993.570865207637,7975.794792205183,7957.368103994088,7938.2362407269775,7918.344015045626,7897.636226465789,7876.058339195145,7853.557213559287,7830.081878405059,7805.584329174769,7780.020333933383,7753.350227623207,7725.539673354142,7696.560368738903,7666.390675259051,7635.016149478806,7602.429956652644,7568.633149900443,7533.634801603617,7497.451977911006,7460.109552089429,7421.63985772181,7382.0821882201335,7341.482154530366,7299.8909179991615,7257.364319888908,7213.961932729595,7169.7460613810445,7124.78072319556,7079.1306369303475,7032.860249042395,6986.032823760815,6938.7096199986645,6890.949173927619,6842.806701135365,6794.333626993326,6745.577248473426,6696.580525455545,6647.381994826988,6598.015796615831,6548.511798190965,6498.8958003087655,6449.1898075279205,6399.4123452226795,6349.578806014321,6299.701809777078,6249.791563290319,6199.856207917898,6149.90214621001,6099.934340866537,6049.956581920941,5999.971720179332,5949.981866795854,5899.988560335509,5849.992903755983,5799.995674447755,5749.997410845788,5699.998479221009,5649.999124137388,5599.999505783693,5549.999727016412,5499.99985253225,5449.999922165116,5399.999959902801,5349.999979861408,5299.999990150924,5249.999995315662,5199.999997836403,5149.999999031013,5099.999999579902,5049.999999824009,4999.9999999289,4949.9999999723605,4899.999999989686,4849.999999996317,4799.999999998745,4749.999999999594,4699.999999999876,4649.9999999999645,4599.999999999991,4549.999999999998,4500.0,4450.0,4400.0,4350.0,4300.0,4250.0,4200.0,4150.0,4100.0,4050.0,4000.0,3950.0,3900.0,3850.0,3800.0,3750.0,3700.0,3650.0,3600.0,3550.0,3500.0,3450.0,3400.0,3350.0,3300.0,3250.0,3200.0,3150.0,3100.0,3050.0,3000.0,2950.0,2900.0,2850.0,2800.0,2750.0,2700.0,2650.0,2600.0,2550.0,2500.0,2450.0,2400.0,2350.0,2300.0,2250.0,2200.0,2150.0,2100.0,2050.0,2000.0,1950.0,1900.0,1850.0,1800.0,1750.0,1700.0,1650.0,1600.0,1550.0,1500.0,1450.0,1400.0,1350.0,1300.0,1250.0,1200.0,1150.0,1100.0,1050.0,1000.0,950.0,900.0,850.0,800.0,750.0,700.0,650.0,600.0,550.0,500.0,450.0,400.0,350.0,300.0,250.0,200.0,150.0,100.0,50.0,0.0
80,12215.790730640992,12203.290910867547,12190.791078204717,12178.291233513599,12165.791377602185,12153.291511228328,12140.791635102567,12128.29174989082,12115.79185621692,12103.291954665056,12090.792045782046,12078.292130079535,12065.792208036053,12053.29228009897,12040.792346686358,12028.292408188738,12015.792464970751,12003.292517372724,11990.792565712156,11978.292610285129,11965.792651367625,11953.292689216787,11940.792724072104,11928.292756156516,11915.792785677477,11903.292812827944,11890.792837787303,11878.29286072226,11865.792881787667,11853.292901127295,11840.792918874573,11828.29293515327,11815.792950078148,11803.292963755572,11790.792976284065,11778.29298775486,11765.792998252395,11753.293007854776,11740.79301663423,11728.293024657507,11715.79303198627,11703.293038677455,11690.79304478361,11678.293050353208,11665.79305543094,11653.293060057997,11640.793064272317,11628.293068108833,11615.793071599686,11603.293074774443,11590.79307766028,11578.293080282177,11565.793082663067,11553.293084824005,11540.793086784308,11528.293088561692,11515.793090172388,11503.293091631274,11490.793092951963,11478.293094146919,11465.793095227538,11453.293096204241,11440.79309708655,11428.293097883154,11415.793098601991,11403.293099250299,11390.793099834678,11378.29310036114,11365.79310083516,11353.293101261728,11340.793101645375,11328.293101990224,11315.793102300026,11303.293102578178,11290.793102827774,11278.293103051616,11265.79310325224,11253.293103431952,11240.793103592834,11228.293103736776,11215.793103865482,11203.293103980499,11190.793104083217,11178.293104174898,11165.793104256676,11153.293104329574,11140.79310439452,11128.29310445234,11115.793104503788,11103.293104549535,11090.793104590188,11078.293104626287,11065.793104658327,11053.293104686742,11040.793104711925,11028.29310473423,11015.793104753973,11003.293104771437,10990.793104786873,10978.293104800508,10965.793104812545,10953.293104823164,10940.793104832523,10928.293104840766,10915.793104848022,10903.293104854405,10890.793104860017,10878.293104864944,10865.79310486927,10853.293104873064,10840.79310487639,10828.293104879302,10815.79310488185,10803.293104884078,10790.793104886025,10778.293104887725,10765.793104889208,10753.2931048905,10740.793104891625,10728.293104892604,10715.793104893455,10703.293104894195,10690.793104894838,10678.293104895394,10665.793104895876,10653.293104896295,10640.793104896657,10628.29310489697,10615.79310489724,10603.293104897473,10590.793104897675,10578.293104897848,10565.793104897997,10553.293104898126,10540.793104898237,10528.293104898332,10515.793104898412,10503.293104898481,10490.79310489854,10478.29310489859,10465.793104898632,10453.293104898668,10440.7931048987,10428.293104898727,10415.793104898748,10403.293104898767,10390.793104898783,10378.293104898798,10365.793104898808,10353.29310489882,10340.793104898827,10328.293104898834,10315.79310489884,10303.293104898843,10290.793104898847,10278.293104898848,10265.79310489885,10253.29310489885,10240.79310489885,10228.293104898852,10215.793104898854,10203.293104898854,10190.793104898854,10178.293104898854,10165.793104898854,10153.293104898854,10140.793104898854,10128.293104898854,10115.793104898854,10103.293104898854,10090.793104898854,10078.293104898854,10065.793104898854,10053.293104898854,10040.793104898854,10028.293104898854,10015.793104898854,10003.293104898854,9990.793104898854,9978.293104898854,9965.793104898854,9953.293104898854,9940.793104898854,9928.293104898854,9915.793104898854,9903.293104898854,9890.793104898854,9878.293104898854,9865.793104898854,9853.293104898854,9840.793104898854,9828.293104898854,9815.793104898854,9803.293104898854,9790.793104898854,9778.293104898854,9765.793104898854,9753.293104898854,9740.793104898854,9728.293104898854,9715.793104898854,9703.293104898854,9690.793104898854,9678.293104898854,9665.793104898854,9653.293104898854,9640.793104898854,9628.293104898854,9615.793104898854,9603.293104898854,9590.793104898854,9578.293104898854,9565.793104898854,9553.293104898854,9540.793104898854,9528.293104898854,9515.793104898854,9503.293104898854,9490.793104898854,9478.293104898854,9465.793104898854,9453.293104898854,9440.793104898852,9428.29310489885,9415.793104898847,9403.293104898843,9390.793104898838,9378.293104898828,9365.793104898814,9353.293104898794,9340.793104898763,9328.29310489872,9315.793104898654,9303.29310489856,9290.79310489842,9278.293104898217,9265.793104897923,9253.293104897499,9240.793104896886,9228.293104896005,9215.793104894738,9203.293104892922,9190.793104890327,9178.293104886623,9165.793104881352,9153.293104873861,9140.793104863244,9128.293104848231,9115.793104827051,9103.293104797234,9090.793104755354,9078.293104696655,9065.79310461457,9053.293104500033,9040.79310434057,9028.29310411905,9015.793103812002,9003.293103387357,8990.793102801379,8978.293101994579,8965.79310088623,8953.293099367045,8940.793097289434,8928.293094454559,8915.793090595205,8903.293085353143,8890.793078249337,8878.29306864479,8865.79305568931,8853.293038254573,8840.793014846993,8828.292983494615,8815.79294160071,8803.292885754887,8790.792811490079,8778.29271297094,8765.792582595484,8753.292410487502,8740.792183851885,8728.291886158568,8715.791496112965,8703.290986361551,8690.790321870089,8678.289457898924,8665.788337484428,8653.286888317663,8640.78501889056,8628.282613756,8615.779527720988,8603.27557876123,8590.770539411189,8578.264126345532,8565.75598782643,8553.245688646484,8540.732692149755,8528.216338864248,8515.695821229614,8503.17015385507,8490.638138696759,8478.09832450361,8465.548959848955,8452.987939045588,8440.412740238662,8427.820354988566,8415.207208699856,8402.569071328086,8389.900957909773,8377.197018617553,8364.450418248482,8351.653205313323,8338.796171212643,8325.868700364055,8312.8586125847,8299.751999531984,8286.533057558841,8273.183919938609,8259.684492046434,8246.012293731777,8232.142313758191,8218.046881795735,8203.695563997098,8189.055088635986,8174.089308597826,8158.759207648849,8143.02295733079,8126.836030997365,8110.151380892521,8092.919683243414,8075.089655087194,8056.6084449667505,8037.4220977283185,8017.4760914625485,7996.71594219812,7975.087869350613,7952.539512235437,7929.020685275729,7904.484156992172,7878.886435579285,7852.1885419838,7824.356750034218,7795.363272445229,7765.186871536317,7733.813374333731,7701.236073408412,7667.455997338018,7632.482038023392,7596.330926146343,7559.027050689068,7520.602123467132,7481.094694844835,7440.549531967861,7399.016875715588,7356.551596900809,7313.212275802457,7269.0602317160065,7224.158530702418,7178.5710000237905,7132.361276852022,7085.591916773696,7038.323584504997,6990.614345249178,6942.519070499691,6894.088967071764,6845.371233008163,6796.408839022999,6747.240429572571,6697.900333689597,6648.418672552204,6598.821548488577,6549.131298786189,6499.366797263614,6449.5437869993075,6399.675228775936,6349.771651537551,6299.841493298025,6249.891423305732,6199.926638693566,6149.951131177122,6099.967921487707,6049.979261054474,5999.9868019296155,5949.991737063376,5899.994913791243,5849.996923826501,5799.998173205247,5749.998935564707,5699.999391908405,5649.999659679423,5599.999813575152,5549.999900133892,5499.999947735534,5449.999973305952,5399.999986709105,5349.9999935568,5299.999996962677,5249.999998609692,5199.99999938298,5149.999999734946,5099.999999889991,5049.999999955974,4999.999999983048,4949.999999993735,4899.9999999977845,4849.999999999253,4799.999999999762,4749.999999999928,4699.99999999998,4649.9999999999945,4599.999999999999,4550.0,4500.0,4450.0,4400.0,4350.0,4300.0,4250.0,4200.0,4150.0,4100.0,4050.0,4000.0,3950.0,3900.0,3850.0,3800.0,3750.0,3700.0,3650.0,3600.0,3550.0,3500.0,3450.0,3400.0,3350.0,3300.0,3250.0,3200.0,3150.0,3100.0,3050.0,3000.0,2950.0,2900.0,2850.0,2800.0,2750.0,2700.0,2650.0,2600.0,2550.0,2500.0,2450.0,2400.0,2350.0,2300.0,2250.0,2200.0,2150.0,2100.0,2050.0,2000.0,1950.0,1900.0,1850.0,1800.0,1750.0,1700.0,1650.0,1600.0,1550.0,1500.0,1450.0,1400.0,1350.0,1300.0,1250.0,1200.0,1150.0,1100.0,1050.0,1000.0,950.0,900.0,850.0,800.0,750.0,700.0,650.0,600.0,550.0,500.0,450.0,400.0,350.0,300.0,250.0,200.0,150.0,100.0,50.0,0.0
81,12290.791816186163,12278.291916777122,12265.792009951834,12253.292096222749,12240.792176069479,12228.292249940718,12215.792318256068,12203.292381407762,12190.7924397623,12178.292493661993,12165.79254342643,12153.292589353863,12140.792631722508,12128.292670791789,12115.792706803502,12103.29273998292,12090.792770539829,12078.292798669507,12065.792824553655,12053.292848361269,12040.79287024945,12028.292890364191,12015.79290884109,12003.292925806041,11990.792941375881,11978.292955658984,11965.792968755837,11953.292980759566,11940.792991756443,11928.293001826349,11915.793011043212,11903.293019475426,11890.793027186235,11878.293034234086,11865.793040672977,11853.293046552768,11840.793051919474,11828.293056815552,11815.793061280143,11803.293065349324,11790.79306905633,11778.29307243176,11765.793075503776,11753.293078298284,11740.793080839101,11728.293083148112,11715.793085245423,11703.293087149488,11690.793088877243,11678.29309044422,11665.793091864658,11653.293093151598,11640.79309431699,11628.293095371768,11615.79309632593,11603.293097188622,11590.793097968202,11578.293098672304,11565.793099307899,11553.29309988134,11540.793100398429,11528.29310086445,11515.793101284216,11503.293101662111,11490.793102002124,11478.293102307882,11465.793102582682,11453.29310282952,11440.793103051115,11428.293103249935,11415.79310342822,11403.293103587997,11390.793103731105,11378.293103859209,11365.793103973812,11353.293104076278,11340.793104167838,11328.293104249604,11315.793104322576,11303.293104387665,11290.793104445684,11278.29310449737,11265.793104543387,11253.293104584329,11240.793104620734,11228.293104653085,11215.793104681814,11203.29310470731,11190.793104729924,11178.293104749968,11165.79310476772,11153.293104783434,11140.793104797334,11128.293104809622,11115.793104820477,11103.293104830062,11090.793104838514,11078.293104845967,11065.793104852532,11053.293104858312,11040.793104863396,11028.293104867866,11015.793104871793,11003.29310487524,10990.793104878265,10978.293104880915,10965.793104883236,10953.293104885268,10940.793104887047,10928.2931048886,10915.793104889955,10903.29310489114,10890.793104892171,10878.29310489307,10865.793104893852,10853.293104894532,10840.793104895125,10828.293104895638,10815.793104896084,10803.293104896471,10790.793104896806,10778.293104897095,10765.793104897346,10753.293104897562,10740.79310489775,10728.293104897912,10715.79310489805,10703.29310489817,10690.793104898274,10678.293104898363,10665.79310489844,10653.293104898503,10640.793104898557,10628.293104898605,10615.793104898645,10603.29310489868,10590.793104898708,10578.293104898734,10565.793104898754,10553.293104898772,10540.793104898787,10528.2931048988,10515.79310489881,10503.29310489882,10490.793104898827,10478.293104898834,10465.79310489884,10453.293104898843,10440.793104898847,10428.293104898848,10415.79310489885,10403.29310489885,10390.79310489885,10378.293104898852,10365.793104898854,10353.293104898854,10340.793104898854,10328.293104898854,10315.793104898854,10303.293104898854,10290.793104898854,10278.293104898854,10265.793104898854,10253.293104898854,10240.793104898854,10228.293104898854,10215.793104898854,10203.293104898854,10190.793104898854,10178.293104898854,10165.793104898854,10153.293104898854,10140.793104898854,10128.293104898854,10115.793104898854,10103.293104898854,10090.793104898854,10078.293104898854,10065.793104898854,10053.293104898854,10040.793104898854,10028.293104898854,10015.793104898854,10003.293104898854,9990.793104898854,9978.293104898854,9965.793104898854,9953.293104898854,9940.793104898854,9928.293104898854,9915.793104898854,9903.293104898854,9890.793104898854,9878.293104898854,9865.793104898854,9853.293104898854,9840.793104898854,9828.293104898854,9815.793104898854,9803.293104898854,9790.793104898854,9778.293104898854,9765.793104898854,9753.293104898854,9740.793104898854,9728.293104898854,9715.793104898854,9703.293104898854,9690.793104898854,9678.293104898854,9665.793104898854,9653.293104898854,9640.793104898854,9628.293104898854,9615.793104898854,9603.293104898854,9590.793104898854,9578.293104898854,9565.793104898854,9553.293104898852,9540.79310489885,9528.293104898848,9515.793104898845,9503.29310489884,9490.793104898832,9478.293104898821,9465.793104898803,9453.293104898776,9440.793104898738,9428.293104898681,9415.7931048986,9403.293104898481,9390.793104898308,9378.293104898057,9365.793104897693,9353.293104897171,9340.79310489642,9328.293104895343,9315.7931048938,9303.293104891596,9290.793104888453,9278.293104883984,9265.79310487764,9253.293104868659,9240.793104855966,9228.293104838069,9215.793104812894,9203.293104777556,9190.793104728064,9178.293104658893,9165.793104562432,9153.293104428209,9140.793104241848,9128.293103983662,9115.793103626756,9103.293103134463,9090.793102456922,9078.293101526488,9065.793100251594,9053.29309850861,9040.793096130987,9028.293092894928,9015.793088500424,9003.293082546288,8990.793074497371,8978.293063641597,8965.793049033857,8953.293029422923,8940.793003156534,8928.292968058495,8915.792921269996,8903.29285904538,8890.792776490049,8878.29266722521,8865.792522960342,8853.292332949746,8840.792083304008,8828.291756120514,8815.791328389145,8803.290770619722,8790.79004512648,8778.28910389141,8765.787885912729,8753.286313926534,8740.78429036864,8728.281692419616,8715.778365948672,8703.274118141344,8690.768708561698,8678.261838362167,8665.753137313142,8653.242148280753,8640.728308735077,8628.210928823672,8615.689165497588,8603.161992130928,8590.628163032245,8578.086172209421,8565.534205722084,8552.97008694056,8540.391214032166,8527.794489018743,8515.176237798823,8502.532120609081,8489.857032518308,8477.14499370853,8464.389029507287,8451.58104039702,8438.711662545562,8425.7701197778,8412.74406834296,8399.619436321864,8386.38026005903,8373.008520586076,8359.48398361331,8345.784047288014,8331.883602529595,8317.754911327413,8303.367508896634,8288.688135997532,8273.680707997966,8258.306327359947,8242.523346122067,8226.287484595287,8209.552011859785,8192.267992722203,8174.384604551885,8155.849525860356,8136.609396633519,8116.610348300287,8095.798598872256,8074.121106281964,8051.526270365808,8027.9646713810025,8003.389830526568,7977.7589757774085,7951.033794562645,7923.181153546006,7894.17376510821,7863.990780182203,7832.6182879191765,7800.049704302037,7766.2860342703425,7731.335995132273,7695.215992926528,7657.949947829664,7619.568969512984,7580.1108883369,7539.619653206668,7498.144611568501,7455.73969116914,7412.462506622693,7368.373416344577,7323.534556886698,7278.008882057388,7231.859233412359,7185.147466800927,7137.933656749831,7090.275396725967,7042.227208946938,6993.840072644698,6945.161074789706,6896.233182507647,6847.095132007133,6797.781424991266,6748.322420409961,6698.744507130325,6649.070341708446,6599.319134928314,6549.506971070439,6499.647144877265,6449.750502755223,6399.825776734511,6349.87990193147,6299.918310564915,6249.945197824099,6199.963756954631,6149.97638273214,6099.984843976574,6049.990426898674,5999.994051867732,5949.99636667209,5899.997819552937,5849.998715279371,5799.9992573534955,5749.999579142284,5699.999766376164,5649.999873072907,5599.999932570661,5549.99996500743,5499.999982279325,5449.999991252697,5399.99999579629,5349.999998035781,5299.9999991088835,5249.999999608075,5199.9999998331705,5149.999999931395,5099.9999999728,5049.999999989625,4999.999999996203,4949.99999999867,4899.999999999556,4849.99999999986,4799.999999999958,4749.999999999989,4699.999999999997,4650.0,4600.0,4550.0,4500.0,4450.0,4400.0,4350.0,4300.0,4250.0,4200.0,4150.0,4100.0,4050.0,4000.0,3950.0,3900.0,3850.0,3800.0,3750.0,3700.0,3650.0,3600.0,3550.0,3500.0,3450.0,3400.0,3350.0,3300.0,3250.0,3200.0,3150.0,3100.0,3050.0,3000.0,2950.0,2900.0,2850.0,2800.0,2750.0,2700.0,2650.0,2600.0,2550.0,2500.0,2450.0,2400.0,2350.0,2300.0,2250.0,2200.0,2150.0,2100.0,2050.0,2000.0,1950.0,1900.0,1850.0,1800.0,1750.0,1700.0,1650.0,1600.0,1550.0,1500.0,1450.0,1400.0,1350.0,1300.0,1250.0,1200.0,1150.0,1100.0,1050.0,1000.0,950.0,900.0,850.0,800.0,750.0,700.0,650.0,600.0,550.0,500.0,450.0,400.0,350.0,300.0,250.0,200.0,150.0,100.0,50.0,0.0
82,12365.792414894377,12353.292470240738,12340.792521383948,12328.292568624081,12315.79261224126,12303.292652496875,12290.792689634744,12278.292723882187,12265.792755451062,12253.292784538737,12240.792811328993,12228.292835992896,12215.792858689605,12203.292879567141,12190.792898763102,12178.292916405344,12165.792932612623,12153.292947495192,12140.792961155365,12128.292973688041,12115.792985181219,12103.292995716443,12090.79300536926,12078.293014209617,12065.793022302256,12053.293029707063,12040.793036479423,12028.293042670519,12015.793048327638,12003.293053494446,11990.79305821125,11978.29306251523,11965.793066440674,11953.293070019185,11940.793073279874,11928.293076249553,11915.793078952893,11903.293081412598,11890.793083649536,11878.293085682893,11865.79308753029,11853.293089207906,11840.793090730587,11828.293092111953,11815.793093364491,11803.293094499644,11790.793095527892,11778.293096458825,11765.793097301224,11753.293098063114,11740.79309875183,11728.293099374077,11715.793099935974,11703.293100443107,11690.793100900572,11678.293101313011,11665.793101684656,11653.293102019361,11640.793102320633,11628.293102591666,11615.79310283536,11603.29310305435,11590.793103251031,11578.293103427577,11565.793103585962,11553.29310372797,11540.793103855223,11528.29310396919,11515.7931040712,11503.293104162449,11490.793104244029,11478.29310431692,11465.79310438201,11453.293104440098,11440.793104491908,11428.293104538088,11415.793104579227,11403.29310461585,11390.793104648435,11378.29310467741,11365.793104703156,11353.29310472602,11340.793104746313,11328.29310476431,11315.793104780263,11303.293104794395,11290.793104806904,11278.293104817969,11265.793104827751,11253.293104836393,11240.793104844022,11228.293104850753,11215.793104856686,11203.293104861916,11190.79310486652,11178.29310487057,11165.793104874132,11153.293104877263,11140.793104880011,11128.293104882421,11115.793104884533,11103.293104886385,11090.793104888005,11078.293104889422,11065.793104890661,11053.293104891743,11040.79310489269,11028.293104893513,11015.79310489423,11003.293104894856,10990.7931048954,10978.293104895873,10965.793104896284,10953.29310489664,10940.79310489695,10928.293104897219,10915.79310489745,10903.29310489765,10890.793104897823,10878.293104897972,10865.7931048981,10853.293104898212,10840.793104898308,10828.29310489839,10815.793104898461,10803.293104898521,10790.793104898572,10778.293104898617,10765.793104898656,10753.293104898688,10740.793104898716,10728.293104898738,10715.793104898758,10703.293104898774,10690.793104898788,10678.293104898801,10665.79310489881,10653.29310489882,10640.793104898827,10628.293104898834,10615.79310489884,10603.293104898843,10590.793104898847,10578.293104898848,10565.79310489885,10553.29310489885,10540.79310489885,10528.293104898852,10515.793104898854,10503.293104898854,10490.793104898854,10478.293104898854,10465.793104898854,10453.293104898854,10440.793104898854,10428.293104898854,10415.793104898854,10403.293104898854,10390.793104898854,10378.293104898854,10365.793104898854,10353.293104898854,10340.793104898854,10328.293104898854,10315.793104898854,10303.293104898854,10290.793104898854,10278.293104898854,10265.793104898854,10253.293104898854,10240.793104898854,10228.293104898854,10215.793104898854,10203.293104898854,10190.793104898854,10178.293104898854,10165.793104898854,10153.293104898854,10140.793104898854,10128.293104898854,10115.793104898854,10103.293104898854,10090.793104898854,10078.293104898854,10065.793104898854,10053.293104898854,10040.793104898854,10028.293104898854,10015.793104898854,10003.293104898854,9990.793104898854,9978.293104898854,9965.793104898854,9953.293104898854,9940.793104898854,9928.293104898854,9915.793104898854,9903.293104898854,9890.793104898854,9878.293104898854,9865.793104898854,9853.293104898854,9840.793104898854,9828.293104898854,9815.793104898854,9803.293104898854,9790.793104898854,9778.293104898854,9765.793104898854,9753.293104898854,9740.793104898854,9728.293104898854,9715.793104898854,9703.293104898854,9690.793104898854,9678.293104898854,9665.793104898854,9653.293104898852,9640.79310489885,9628.293104898847,9615.793104898843,9603.293104898836,9590.793104898825,9578.29310489881,9565.793104898788,9553.293104898754,9540.793104898705,9528.293104898636,9515.793104898534,9503.293104898385,9490.793104898172,9478.293104897863,9465.793104897417,9453.293104896777,9440.79310489586,9428.29310489455,9415.793104892678,9403.293104890014,9390.793104886225,9378.293104880853,9365.793104873253,9353.293104862523,9340.793104847406,9328.293104826153,9315.79310479634,9303.293104754608,9290.793104696322,9278.293104615088,9265.79310450211,9253.29310434533,9240.793104128228,9228.293103828248,9215.79310341465,9203.293102845637,9190.793102064517,9178.293100994571,9165.793099532222,9153.293097537957,9140.79309482432,9128.293091140029,9115.79308614907,9103.29307940321,9090.793070306,9078.29305806571,9065.79304163405,9053.293019626504,9040.79299021915,9028.292951015377,9015.792898874222,9003.29282968995,8990.792738109903,8978.29261717443,8965.79245785881,8953.29224849241,8940.791974024478,8928.29161509921,8915.79114689441,8903.290537668305,8890.789746947466,8878.288723275213,8865.787401423946,8853.285698956483,8840.783512000235,8828.280710073934,8815.777129779226,8803.272567138836,8790.766768329002,8778.25941851666,8765.75012847162,8753.238418581072,8740.723699849,8728.205251417246,8715.682194099418,8703.153459375164,8690.617753252742,8678.073514374555,8665.518865716866,8652.951559224311,8640.36891272654,8627.76773851252,8615.144262992875,8602.494036967008,8589.811836135194,8577.091551661306,8564.326070804302,8551.507147900073,8538.625266292856,8525.669492188692,8512.627321831824,8499.484523885847,8486.224979428735,8472.830522535605,8459.280785012183,8445.553049438287,8431.622115263264,8417.460183238512,8403.036763947432,8388.318616567449,8373.269724238264,8357.851312478997,8342.02191696003,8325.737506560112,8308.951666998159,8291.61584940103,8273.679686942278,8255.091381162352,8235.79815777282,8215.746789685283,8194.884182737049,8173.1580171738115,8150.517435475367,8126.913764668771,8102.301258971735,8076.637846562466,8049.885862598363,8022.012749419317,7992.991704275988,7962.80225500597,7931.43074490373,7898.8707096252565,7865.1231313313365,7830.196558360636,7794.10708245093,7756.878169769586,7718.540346612644,7679.130745395623,7638.6925212782635,7597.274154219627,7554.928655232587,7511.712698896672,7467.685706624205,7422.908906625717,7377.444396906856,7331.354236927014,7284.69959179664,7237.539950180921,7189.932433560914,7141.931210371998,7093.587024018028,7044.94683908912,6996.053605533541,6946.946136277375,6897.659090047104,6848.223048087076,6798.664671182885,6749.006921955811,6699.269336781297,6649.468331854149,6599.617528779984,6549.728086489529,6499.809028101793,6449.867553448363,6399.909330162214,6349.938758392958,6299.959206221001,6249.973214617905,6199.982672281178,6149.988961830215,6099.993079683856,6049.9957324690395,5999.997413070347,5949.998459468605,5899.999099384272,5849.999483489173,5799.999709624852,5749.999840107418,5699.999913838672,5649.999954604438,5599.999976638215,5549.999988269002,5499.999994258678,5449.999997264658,5399.999998733026,5349.999999430271,5299.999999751659,5249.999999895243,5199.999999957314,5149.999999983233,5099.9999999936645,5049.999999997703,4999.999999999203,4949.999999999737,4899.999999999918,4849.999999999976,4799.999999999994,4749.999999999998,4700.0,4650.0,4600.0,4550.0,4500.0,4450.0,4400.0,4350.0,4300.0,4250.0,4200.0,4150.0,4100.0,4050.0,4000.0,3950.0,3900.0,3850.0,3800.0,3750.0,3700.0,3650.0,3600.0,3550.0,3500.0,3450.0,3400.0,3350.0,3300.0,3250.0,3200.0,3150.0,3100.0,3050.0,3000.0,2950.0,2900.0,2850.0,2800.0,2750.0,2700.0,2650.0,2600.0,2550.0,2500.0,2450.0,2400.0,2350.0,2300.0,2250.0,2200.0,2150.0,2100.0,2050.0,2000.0,1950.0,1900.0,1850.0,1800.0,1750.0,1700.0,1650.0,1600.0,1550.0,1500.0,1450.0,1400.0,1350.0,1300.0,1250.0,1200.0,1150.0,1100.0,1050.0,1000.0,950.0,900.0,850.0,800.0,750.0,700.0,650.0,600.0,550.0,500.0,450.0,400.0,350.0,300.0,250.0,200.0,150.0,100.0,50.0,0.0
83,12440.792740444635,12428.29277046729,12415.792798143215,12403.292823645339,12390.79284713468,12378.292868761102,12365.79288866403,12353.292906973124,12340.79292380891,12328.292939283372,12315.792953500526,12303.29296655693,12290.79297854219,12278.292989539415,12265.792999625672,12253.293008872373,12240.793017345679,12228.293025106843,12215.793032212561,12203.293038715285,12190.793044663515,12178.293050102078,12165.79305507239,12153.293059612699,12140.793063758303,12128.293067541774,12115.793070993146,12103.293074140103,12090.793077008155,12078.293079620787,12065.793081999624,12053.293084164558,12040.793086133877,12028.293087924398,12015.793089551567,12003.293091029569,11990.793092371423,11978.29309358907,11965.793094693463,11953.293095694637,11940.793096601785,11928.293097423326,11915.793098166963,11903.293098839742,11890.793099448105,11878.293099997934,11865.793100494604,11853.293100943025,11840.793101347668,11828.293101712617,11815.793102041593,11803.293102337982,11790.793102604872,11778.29310284507,11765.793103061123,11753.293103255357,11740.79310342988,11728.293103586604,11715.793103727266,11703.293103853444,11690.793103966564,11678.293104067921,11665.793104158685,11653.293104239918,11640.793104312579,11628.293104377535,11615.793104435568,11603.293104487388,11590.79310453363,11578.29310457487,11565.79310461163,11553.293104644375,11540.793104673527,11528.293104699464,11515.793104722525,11503.29310474302,11490.793104761218,11478.293104777369,11465.793104791694,11453.29310480439,11440.793104815639,11428.293104825596,11415.793104834403,11403.293104842192,11390.793104849074,11378.293104855149,11365.79310486051,11353.293104865237,11340.7931048694,11328.293104873068,11315.793104876295,11303.293104879132,11290.793104881624,11278.293104883815,11265.793104885735,11253.29310488742,11240.793104888895,11228.293104890186,11215.793104891316,11203.293104892306,11190.79310489317,11178.293104893924,11165.793104894583,11153.293104895156,11140.793104895656,11128.29310489609,11115.79310489647,11103.293104896798,11090.793104897082,11078.29310489733,11065.793104897544,11053.29310489773,11040.793104897892,11028.29310489803,11015.79310489815,11003.293104898254,10990.793104898341,10978.293104898417,10965.793104898483,10953.29310489854,10940.793104898588,10928.293104898628,10915.793104898663,10903.293104898694,10890.79310489872,10878.293104898743,10865.793104898763,10853.29310489878,10840.793104898792,10828.293104898803,10815.793104898812,10803.293104898821,10790.793104898827,10778.293104898834,10765.79310489884,10753.293104898843,10740.793104898847,10728.293104898848,10715.79310489885,10703.29310489885,10690.79310489885,10678.293104898852,10665.793104898854,10653.293104898854,10640.793104898854,10628.293104898854,10615.793104898854,10603.293104898854,10590.793104898854,10578.293104898854,10565.793104898854,10553.293104898854,10540.793104898854,10528.293104898854,10515.793104898854,10503.293104898854,10490.793104898854,10478.293104898854,10465.793104898854,10453.293104898854,10440.793104898854,10428.293104898854,10415.793104898854,10403.293104898854,10390.793104898854,10378.293104898854,10365.793104898854,10353.293104898854,10340.793104898854,10328.293104898854,10315.793104898854,10303.293104898854,10290.793104898854,10278.293104898854,10265.793104898854,10253.293104898854,10240.793104898854,10228.293104898854,10215.793104898854,10203.293104898854,10190.793104898854,10178.293104898854,10165.793104898854,10153.293104898854,10140.793104898854,10128.293104898854,10115.793104898854,10103.293104898854,10090.793104898854,10078.293104898854,10065.793104898854,10053.293104898854,10040.793104898854,10028.293104898854,10015.793104898854,10003.293104898854,9990.793104898854,9978.293104898854,9965.793104898854,9953.293104898854,9940.793104898854,9928.293104898854,9915.793104898854,9903.293104898854,9890.793104898854,9878.293104898854,9865.793104898854,9853.293104898854,9840.793104898854,9828.293104898854,9815.793104898854,9803.293104898854,9790.793104898854,9778.293104898854,9765.793104898852,9753.29310489885,9740.793104898847,9728.293104898843,9715.793104898838,9703.293104898828,9690.793104898816,9678.293104898796,9665.793104898768,9653.293104898727,9640.793104898667,9628.29310489858,9615.793104898454,9603.29310489827,9590.793104898006,9578.293104897628,9565.793104897082,9553.293104896304,9540.793104895189,9528.2931048936,9515.793104891341,9503.293104888131,9490.793104883584,9478.293104877153,9465.793104868084,9453.293104855313,9440.793104837372,9428.293104812223,9415.79310477704,9403.293104727927,9390.793104659517,9378.293104564425,9365.79310443253,9353.293104249973,9340.793103997836,9328.29310365034,9315.793103172451,9303.293102516654,9290.79310161866,9278.293100391682,9265.793098718845,9253.293096443118,9240.793093354012,9228.293089170067,9215.793083515815,9203.2930758916,9190.79306563413,9178.29305186505,9165.793033424103,9153.293008782493,9140.792975930939,9128.292932235374,9115.7928742516,9103.292797487822,9090.792696101424,9078.292562512896,9065.79238691589,9053.29215665735,9040.79185545589,9028.291462419369,9015.790950814262,9003.290286529314,8990.789426164218,8978.288314660133,8965.786882372799,8953.285041470386,8940.782681516825,8928.279664077167,8915.775816154097,8903.27092223426,8890.764714689292,8878.256862239748,8865.746956150495,8853.234493784328,8840.718859097036,8828.199299613001,8815.674899377002,8803.144547336757,8790.606900574096,8778.060341773027,8765.50293029331,8752.932346212066,8740.345826707267,8727.740094190223,8715.111275653906,8702.454812795291,8689.765362597707,8677.036688228407,8664.261540321619,8651.431528981931,8638.536987159561,8625.56682641905,8612.508386545243,8599.347280901797,8586.06723997177,8572.649956057694,8559.074932686653,8545.319342837702,8531.357900663219,8517.16275188815,8502.703388513037,8487.946593787561,8472.85642362769,8457.394230687933,8441.518737137601,8425.186161796206,8408.350406632384,8390.963306704656,8372.974946411152,8354.334043421273,8334.98839990027,8314.88541863819,8293.972679503562,8272.198569321841,8249.512955906632,8225.867894639452,8201.218353803537,8175.522942938303,8148.7446269048705,8120.851407247274,8091.816951896186,8061.621154373055,8030.250604470122,7997.698953934274,7963.967162964817,7929.063616304378,7893.004101277419,7855.811644194202,7817.516205937474,7778.154242105364,7737.768137598085,7696.405529800545,7654.118538322827,7610.962922426026,7566.997189619465,7522.2816803422575,7476.87765406031,7430.846401494904,7384.248406082952,7337.142575238889,7289.585558681138,7241.6311671813555,7193.329900801797,7144.728591231595,7095.870158445162,7046.793477801204,6997.5333500688685,6948.120563860361,6898.582037673617,6848.941027260158,6799.21738333743,6749.427844719049,6699.586352656801,6649.704373459454,6599.791218138923,6549.8543497883165,6499.899671474841,6449.93178950132,6399.954248840426,6349.969739287894,6299.980272354787,6249.987330091669,6199.99198790216,6149.995013974106,6099.9969482643555,6049.998164059671,5999.998915048994,5949.999370629383,5899.999641874494,5849.999800259816,5799.99989089478,5749.999941682142,5699.999969525612,5649.999984446786,5599.999992255357,5549.999996241712,5499.999998224746,5449.999999184834,5399.999999636642,5349.999999843015,5299.999999934371,5249.9999999735,5199.999999989686,5149.999999996139,5099.999999998614,5049.999999999524,4999.999999999845,4949.999999999953,4899.999999999986,4849.999999999996,4799.999999999999,4750.0,4700.0,4650.0,4600.0,4550.0,4500.0,4450.0,4400.0,4350.0,4300.0,4250.0,4200.0,4150.0,4100.0,4050.0,4000.0,3950.0,3900.0,3850.0,3800.0,3750.0,3700.0,3650.0,3600.0,3550.0,3500.0,3450.0,3400.0,3350.0,3300.0,3250.0,3200.0,3150.0,3100.0,3050.0,3000.0,2950.0,2900.0,2850.0,2800.0,2750.0,2700.0,2650.0,2600.0,2550.0,2500.0,2450.0,2400.0,2350.0,2300.0,2250.0,2200.0,2150.0,2100.0,2050.0,2000.0,1950.0,1900.0,1850.0,1800.0,1750.0,1700.0,1650.0,1600.0,1550.0,1500.0,1450.0,1400.0,1350.0,1300.0,1250.0,1200.0,1150.0,1100.0,1050.0,1000.0,950.0,900.0,850.0,800.0,750.0,700.0,650.0,600.0,550.0,500.0,450.0,400.0,350.0,300.0,250.0,200.0,150.0,100.0,50.0,0.0
84,12515.792914984882,12503.292931042393,12490.79294580897,12478.292959382707,12465.792971854711,12453.292983309555,12440.792993825724,12428.293003476012,12415.793012327911,12403.29302044397,12390.79302788213,12378.29303469604,12365.793040935356,12353.293046646015,12340.793051870498,12328.293056648068,12315.793061015,12303.293065004795,12290.793068648374,12278.293071974273,12265.793075008802,12253.293077776216,12240.793080298863,12228.293082597325,12215.79308469055,12203.293086595968,12190.793088329614,12178.293089906225,12165.793091339345,12153.293092641406,12140.793093823828,12128.293094897079,12115.793095870768,12103.293096753698,12090.793097553933,12078.293098278862,12065.793098935244,12053.293099529263,12040.793100066574,12028.293100552344,12015.793100991294,12003.293101387735,11990.7931017456,11978.293102068472,11965.793102359623,11953.293102622032,11940.793102858412,11928.293103071232,11915.793103262738,11903.293103434973,11890.793103589793,11878.293103728884,11865.793103853774,11853.29310396585,11840.793104066377,11828.29310415649,11815.793104237224,11803.293104309514,11790.793104374208,11778.29310443207,11765.793104483791,11753.29310453,11740.793104571256,11728.293104608072,11715.793104640905,11703.293104670169,11690.793104696237,11678.293104719442,11665.793104740087,11653.293104758442,11640.793104774755,11628.293104789242,11615.793104802098,11603.293104813501,11590.79310482361,11578.293104832563,11565.79310484049,11553.293104847504,11540.793104853705,11528.293104859184,11515.793104864022,11503.293104868291,11490.793104872055,11478.293104875373,11465.793104878294,11453.293104880866,11440.793104883127,11428.293104885113,11415.793104886858,11403.29310488839,11390.793104889732,11378.293104890909,11365.793104891938,11353.29310489284,11340.793104893628,11328.293104894317,11315.79310489492,11303.293104895445,11290.793104895904,11278.293104896302,11265.79310489665,11253.293104896951,11240.793104897213,11228.29310489744,11215.793104897639,11203.29310489781,11190.793104897957,11178.293104898084,11165.793104898195,11153.293104898292,11140.793104898374,11128.293104898445,11115.793104898505,11103.293104898557,11090.793104898603,11078.293104898641,11065.793104898674,11053.293104898701,11040.793104898727,11028.293104898747,11015.793104898765,11003.293104898781,10990.793104898794,10978.293104898805,10965.793104898816,10953.293104898823,10940.793104898828,10928.293104898834,10915.79310489884,10903.293104898843,10890.793104898847,10878.293104898848,10865.79310489885,10853.29310489885,10840.79310489885,10828.293104898852,10815.793104898854,10803.293104898854,10790.793104898854,10778.293104898854,10765.793104898854,10753.293104898854,10740.793104898854,10728.293104898854,10715.793104898854,10703.293104898854,10690.793104898854,10678.293104898854,10665.793104898854,10653.293104898854,10640.793104898854,10628.293104898854,10615.793104898854,10603.293104898854,10590.793104898854,10578.293104898854,10565.793104898854,10553.293104898854,10540.793104898854,10528.293104898854,10515.793104898854,10503.293104898854,10490.793104898854,10478.293104898854,10465.793104898854,10453.293104898854,10440.793104898854,10428.293104898854,10415.793104898854,10403.293104898854,10390.793104898854,10378.293104898854,10365.793104898854,10353.293104898854,10340.793104898854,10328.293104898854,10315.793104898854,10303.293104898854,10290.793104898854,10278.293104898854,10265.793104898854,10253.293104898854,10240.793104898854,10228.293104898854,10215.793104898854,10203.293104898854,10190.793104898854,10178.293104898854,10165.793104898854,10153.293104898854,10140.793104898854,10128.293104898854,10115.793104898854,10103.293104898854,10090.793104898854,10078.293104898854,10065.793104898854,10053.293104898854,10040.793104898854,10028.293104898854,10015.793104898854,10003.293104898854,9990.793104898854,9978.293104898854,9965.793104898854,9953.293104898854,9940.793104898854,9928.293104898854,9915.793104898854,9903.293104898854,9890.793104898854,9878.293104898852,9865.79310489885,9853.293104898848,9840.793104898845,9828.29310489884,9815.793104898832,9803.293104898821,9790.793104898805,9778.293104898781,9765.793104898745,9753.293104898694,9740.79310489862,9728.293104898512,9715.793104898356,9703.29310489813,9690.793104897806,9678.293104897344,9665.793104896682,9653.293104895734,9640.793104894386,9628.29310489247,9615.793104889752,9603.293104885903,9590.793104880464,9578.293104872799,9565.793104862012,9553.293104846869,9540.793104825654,9528.293104795994,9515.793104754614,9503.293104697004,9490.793104616967,9478.293104506007,9465.793104352495,9453.293104140565,9440.7931038486,9428.293103447228,9415.79310289662,9403.293102142898,9390.793101113344,9378.293099710034,9365.793097801408,9353.293095211135,9340.793091703425,9328.29308696373,9315.793080573447,9303.293071976826,9290.79306043784,9278.293044984079,9265.793024334025,9253.292996803,9240.7929601819,9228.292911581306,9215.79284723167,9203.292762227966,9190.792650204332,9178.292502920842,9165.792309740262,9153.292056967628,9140.791727019367,9128.291297381384,9115.790739306878,9103.290016194387,9090.789081574512,9078.28787661971,9065.786327075202,9053.284339490272,9040.781796607745,9028.278551745105,9015.774421973387,9003.269179869607,8990.762543585115,8978.254164935972,8965.743615182651,8953.230368125554,8940.713780100614,8928.193066416901,8915.667273736766,8903.135247860533,8890.595596344067,8878.046645351376,8865.486390128659,8852.912438484289,8840.321946675267,8827.71154713847,8815.077267569672,8802.41444094912,8789.717606244336,8776.98039969338,8764.195436789054,8751.354185349699,8738.44683037778,8725.462131773626,8712.38727638769,8699.20772635633,8685.907066167416,8672.466851433033,8658.866462894297,8645.082969730902,8631.091006775152,8616.862670712602,8602.367440761984,8587.572129635817,8572.440870758595,8556.93514772963,8541.013871831568,8524.633512975204,8507.748288812807,8490.31041582941,8472.270425026436,8453.577543348214,8434.180140285276,8414.026237149277,8393.064074398284,8371.242730158378,8348.512780813193,8324.826992304545,8300.14102870246,8274.414162765464,8247.609971727392,8219.69700051648,8190.64937412809,8160.447341008905,8129.077730121624,8096.534305870192,8062.818007270262,8027.937060606249,7991.906958247681,7954.7503001909845,7916.496499104549,7877.181354014895,7836.846502092316,7795.538762079269,7753.309386560453,7710.213243320361,7666.3079483178935,7621.652974209761,7576.308758800057,7530.335837257857,7483.794020455403,7436.741639415902,7389.234872748852,7341.3271702588145,7293.068781836491,7244.506396491626,7195.682892181456,7146.637193131316,7097.40422781747,7048.014977833736,6998.496605598604,6948.872647336847,6899.163257000077,6849.385486739995,6799.553590142559,6749.679335566068,6699.772318475335,6649.840263491216,6599.889308843509,6549.924267898702,6499.948864322563,6449.965939143807,6399.9776294471885,6349.985519606482,6299.990766858177,6249.994203624686,6199.9964193472115,6149.997824720316,6099.998701176277,6049.999238292883,5999.999561536773,5949.999752444164,5899.999863013833,5849.999925767851,5799.999960640922,5749.999979599703,5699.9999896737945,5649.999994900803,5599.999997546249,5549.999998850786,5499.999999476827,5449.999999768819,5399.999999900996,5349.999999958978,5299.9999999835845,5249.999999993669,5199.999999997652,5149.999999999165,5099.999999999716,5049.999999999909,4999.999999999973,4949.999999999993,4899.999999999998,4850.0,4800.0,4750.0,4700.0,4650.0,4600.0,4550.0,4500.0,4450.0,4400.0,4350.0,4300.0,4250.0,4200.0,4150.0,4100.0,4050.0,4000.0,3950.0,3900.0,3850.0,3800.0,3750.0,3700.0,3650.0,3600.0,3550.0,3500.0,3450.0,3400.0,3350.0,3300.0,3250.0,3200.0,3150.0,3100.0,3050.0,3000.0,2950.0,2900.0,2850.0,2800.0,2750.0,2700.0,2650.0,2600.0,2550.0,2500.0,2450.0,2400.0,2350.0,2300.0,2250.0,2200.0,2150.0,2100.0,2050.0,2000.0,1950.0,1900.0,1850.0,1800.0,1750.0,1700.0,1650.0,1600.0,1550.0,1500.0,1450.0,1400.0,1350.0,1300.0,1250.0,1200.0,1150.0,1100.0,1050.0,1000.0,950.0,900.0,850.0,800.0,750.0,700.0,650.0,600.0,550.0,500.0,450.0,400.0,350.0,300.0,250.0,200.0,150.0,100.0,50.0,0.0
85,12590.793007260369,12578.293015729032,12565.793023497927,12553.29303062184,12540.793037151521,12528.293043133961,12515.793048612653,12503.293053627836,12490.793058216717,12478.29306241369,12465.793066250528,12453.293069756583,12440.79307295894,12428.293075882599,12415.79307855061,12403.293080984226,12390.793083203029,12378.293085225054,12365.793087066906,12353.293088743865,12340.793090269983,12328.293091658179,12315.793092920325,12303.293094067325,12290.79309510919,12278.293096055102,12265.79309691349,12253.293097692076,12240.793098397935,12228.293099037548,12215.793099616849,12203.293100141269,12190.793100615769,12178.293101044888,12165.793101432771,12153.293101783205,12140.793102099644,12128.293102385242,12115.793102642872,12103.293102875154,12090.793103084472,12078.293103272998,12065.793103442707,12053.293103595399,12040.793103732707,12028.293103856116,12015.793103966973,12003.293104066499,11990.793104155806,11978.293104235898,11965.793104307688,11953.293104371998,11940.793104429578,11928.293104481105,11915.793104527185,11903.293104568373,11890.793104605167,11878.293104638018,11865.793104667331,11853.293104693472,11840.793104716768,11828.293104737519,11815.793104755992,11803.293104772427,11790.79310478704,11778.293104800026,11765.793104811557,11753.29310482179,11740.79310483087,11728.293104838916,11715.793104846045,11703.293104852355,11690.793104857938,11678.293104862876,11665.79310486724,11653.293104871094,11640.793104874494,11628.293104877492,11615.793104880135,11603.293104882461,11590.79310488451,11578.29310488631,11565.793104887893,11553.293104889282,11540.793104890501,11528.29310489157,11515.79310489251,11503.293104893331,11490.793104894052,11478.29310489468,11465.793104895229,11453.293104895709,11440.793104896127,11428.293104896493,11415.793104896811,11403.29310489709,11390.793104897331,11378.293104897542,11365.793104897723,11353.29310489788,11340.793104898017,11328.293104898135,11315.793104898237,11303.293104898326,11290.793104898403,11278.293104898468,11265.793104898527,11253.293104898576,11240.793104898617,11228.293104898654,11215.793104898685,11203.293104898712,11190.793104898734,11178.293104898754,11165.79310489877,11153.293104898785,11140.793104898798,11128.293104898808,11115.793104898818,11103.293104898825,11090.79310489883,11078.293104898836,11065.793104898841,11053.293104898845,11040.793104898847,11028.293104898848,11015.79310489885,11003.29310489885,10990.79310489885,10978.293104898852,10965.793104898854,10953.293104898854,10940.793104898854,10928.293104898854,10915.793104898854,10903.293104898854,10890.793104898854,10878.293104898854,10865.793104898854,10853.293104898854,10840.793104898854,10828.293104898854,10815.793104898854,10803.293104898854,10790.793104898854,10778.293104898854,10765.793104898854,10753.293104898854,10740.793104898854,10728.293104898854,10715.793104898854,10703.293104898854,10690.793104898854,10678.293104898854,10665.793104898854,10653.293104898854,10640.793104898854,10628.293104898854,10615.793104898854,10603.293104898854,10590.793104898854,10578.293104898854,10565.793104898854,10553.293104898854,10540.793104898854,10528.293104898854,10515.793104898854,10503.293104898854,10490.793104898854,10478.293104898854,10465.793104898854,10453.293104898854,10440.793104898854,10428.293104898854,10415.793104898854,10403.293104898854,10390.793104898854,10378.293104898854,10365.793104898854,10353.293104898854,10340.793104898854,10328.293104898854,10315.793104898854,10303.293104898854,10290.793104898854,10278.293104898854,10265.793104898854,10253.293104898854,10240.793104898854,10228.293104898854,10215.793104898854,10203.293104898854,10190.793104898854,10178.293104898854,10165.793104898854,10153.293104898854,10140.793104898854,10128.293104898854,10115.793104898854,10103.293104898854,10090.793104898854,10078.293104898854,10065.793104898854,10053.293104898854,10040.793104898854,10028.293104898854,10015.793104898854,10003.293104898854,9990.793104898854,9978.293104898852,9965.79310489885,9953.293104898847,9940.793104898843,9928.293104898836,9915.793104898825,9903.293104898812,9890.793104898792,9878.293104898761,9865.793104898718,9853.293104898654,9840.793104898561,9828.293104898428,9815.793104898235,9803.29310489796,9790.793104897566,9778.293104897002,9765.7931048962,9753.293104895056,9740.793104893432,9728.293104891129,9715.79310488787,9703.293104883272,9690.793104876793,9678.293104867684,9665.793104854904,9653.293104837008,9640.793104812004,9628.293104777142,9615.79310472863,9603.293104661265,9590.793104567916,9578.293104438828,9565.79310426069,9553.293104015374,9540.793103678252,9528.29310321594,9515.793102583279,9503.29310171933,9490.79310054204,9478.293098941183,9465.793096769024,9453.293093828015,9440.79308985462,9428.293084498106,9415.793077292787,9403.293067621846,9390.793054670245,9378.293037363663,9365.793014289484,9353.292983594887,9340.792942855749,9328.292888908498,9315.792817635094,9303.29272368888,9290.792600146091,9278.292438064214,9265.792225924099,9253.291948927355,9240.79158811445,9228.291119261274,9215.790511503183,9203.289725624982,9190.788711943083,9178.28740769178,9165.785733809047,9153.283590998384,9140.780854921568,9128.277370352864,9115.772944097982,9103.267336450861,9090.760250928335,9078.251321987065,9065.740100389015,9053.22603584206,9040.70845650147,9028.186544877386,9015.65930965416,9003.125552891419,8990.583832046073,8978.032416231614,8965.46923611916,8952.891826886944,8940.297263645229,8927.682088806167,8915.042230937066,8902.37291473566,8889.668561901652,8876.922682854183,8864.12775946403,8851.275119234682,8838.35480168031,8825.355418010922,8812.264005644065,8799.065879514503,8785.744482641316,8772.281238926302,8758.65541168519,8744.843971937345,8730.821480980392,8716.559992229882,8702.028977684615,8687.195284656626,8672.023128551267,8656.474127466718,8640.507384174842,8624.079620620054,8607.14536940854,8589.657225841873,8571.566162870939,8552.821909912467,8533.373394798498,8513.169246248783,8492.15835221229,8470.290467275303,8447.516860152324,8423.79099014627,8399.069199479345,8373.311406654146,8346.481784605832,8318.5494064462,8289.488841165006,8259.28068181353,8227.91198949897,8195.376637989037,8161.675545856448,8126.816785842703,8090.815564415145,8053.69406822404,8015.481178200399,7976.212056209813,7935.927613315078,7894.67387261526,7852.501243138204,7809.463724197138,7765.618061833821,7721.022880347282,7675.737812376669,7629.822650543578,7583.336542287098,7536.33724731634,7488.8804741772765,7441.019308938652,7392.803745128452,7344.280319998089,7295.491858159687,7246.477319827746,7197.271747474037,7147.906301816756,7098.408375816043,7048.80177379835,6999.106941998096,6949.341236659344,6899.519216318612,6849.652945897229,6799.7523016519,6749.825267737731,6699.878217000127,6649.916170509038,6599.943032174568,6549.961796450434,6499.974728578304,6449.983518012801,6399.989406578414,6349.993293550346,6299.995820242514,6249.9974368603425,6199.998454373474,6149.999084026631,6099.999466876985,6049.999695461088,5999.999829385402,5949.9999063266405,5899.999949639447,5849.999973511041,5799.999986381161,5749.999993162619,5699.999996651442,5649.9999984020815,5599.999999257915,5549.999999665044,5499.999999853262,5449.999999937706,5399.999999974416,5349.999999989854,5299.999999996122,5249.999999998575,5199.999999999498,5149.999999999832,5099.999999999947,5049.9999999999845,4999.999999999996,4949.999999999999,4900.0,4850.0,4800.0,4750.0,4700.0,4650.0,4600.0,4550.0,4500.0,4450.0,4400.0,4350.0,4300.0,4250.0,4200.0,4150.0,4100.0,4050.0,4000.0,3950.0,3900.0,3850.0,3800.0,3750.0,3700.0,3650.0,3600.0,3550.0,3500.0,3450.0,3400.0,3350.0,3300.0,3250.0,3200.0,3150.0,3100.0,3050.0,3000.0,2950.0,2900.0,2850.0,2800.0,2750.0,2700.0,2650.0,2600.0,2550.0,2500.0,2450.0,2400.0,2350.0,2300.0,2250.0,2200.0,2150.0,2100.0,2050.0,2000.0,1950.0,1900.0,1850.0,1800.0,1750.0,1700.0,1650.0,1600.0,1550.0,1500.0,1450.0,1400.0,1350.0,1300.0,1250.0,1200.0,1150.0,1100.0,1050.0,1000.0,950.0,900.0,850.0,800.0,750.0,700.0,650.0,600.0,550.0,500.0,450.0,400.0,350.0,300.0,250.0,200.0,150.0,100.0,50.0,0.0
86,12665.793055369537,12653.293059774038,12640.793063804716,12628.293067491702,12615.793070862834,12603.29307394382,12590.793076758393,12578.293079328454,12565.793081674203,12553.29308381426,12540.793085765785,12528.293087544585,12515.793089165214,12503.29309064106,12490.793091984442,12478.293093206688,12465.793094318205,12453.293095328556,12440.793096246516,12428.293097080143,12415.793097836828,12403.293098523343,12390.793099145902,12378.293099710188,12365.793100221412,12353.293100684336,12340.793101103318,12328.293101482344,12315.793101825057,12303.29310213478,12290.793102414547,12278.293102667132,12265.79310289506,12253.293103100634,12240.79310328595,12228.293103452923,12215.793103603286,12203.293103738622,12190.793103860371,12178.293103969838,12165.793104068212,12153.29310415657,12140.793104235889,12128.293104307053,12115.793104370869,12103.293104428063,12090.793104479295,12078.29310452516,12065.7931045662,12053.2931046029,12040.793104635703,12028.293104665001,12015.79310469116,12003.2931047145,11990.793104735312,11978.293104753862,11965.793104770384,11953.29310478509,11940.793104798175,11928.293104809807,11915.793104820146,11903.293104829327,11890.793104837474,11878.293104844703,11865.79310485111,11853.293104856784,11840.793104861808,11828.293104866254,11815.793104870187,11803.293104873661,11790.793104876728,11778.293104879436,11765.793104881825,11753.29310488393,11740.793104885783,11728.293104887414,11715.79310488885,11703.293104890112,11690.79310489122,11678.293104892191,11665.793104893044,11653.293104893792,11640.793104894447,11628.29310489502,11615.79310489552,11603.29310489596,11590.793104896344,11578.293104896678,11565.79310489697,11553.293104897224,11540.793104897446,11528.293104897639,11515.793104897806,11503.293104897952,11490.793104898079,11478.293104898188,11465.793104898283,11453.293104898365,11440.793104898436,11428.293104898497,11415.79310489855,11403.293104898596,11390.793104898636,11378.293104898668,11365.793104898697,11353.293104898721,11340.793104898741,11328.293104898761,11315.793104898776,11303.293104898788,11290.793104898801,11278.29310489881,11265.79310489882,11253.293104898827,11240.793104898834,11228.29310489884,11215.793104898843,11203.293104898847,11190.793104898848,11178.29310489885,11165.79310489885,11153.29310489885,11140.79310489885,11128.293104898852,11115.793104898854,11103.293104898854,11090.793104898854,11078.293104898854,11065.793104898854,11053.293104898854,11040.793104898854,11028.293104898854,11015.793104898854,11003.293104898854,10990.793104898854,10978.293104898854,10965.793104898854,10953.293104898854,10940.793104898854,10928.293104898854,10915.793104898854,10903.293104898854,10890.793104898854,10878.293104898854,10865.793104898854,10853.293104898854,10840.793104898854,10828.293104898854,10815.793104898854,10803.293104898854,10790.793104898854,10778.293104898854,10765.793104898854,10753.293104898854,10740.793104898854,10728.293104898854,10715.793104898854,10703.293104898854,10690.793104898854,10678.293104898854,10665.793104898854,10653.293104898854,10640.793104898854,10628.293104898854,10615.793104898854,10603.293104898854,10590.793104898854,10578.293104898854,10565.793104898854,10553.293104898854,10540.793104898854,10528.293104898854,10515.793104898854,10503.293104898854,10490.793104898854,10478.293104898854,10465.793104898854,10453.293104898854,10440.793104898854,10428.293104898854,10415.793104898854,10403.293104898854,10390.793104898854,10378.293104898854,10365.793104898854,10353.293104898854,10340.793104898854,10328.293104898854,10315.793104898854,10303.293104898854,10290.793104898854,10278.293104898854,10265.793104898854,10253.293104898854,10240.793104898854,10228.293104898854,10215.793104898854,10203.293104898854,10190.793104898854,10178.293104898854,10165.793104898854,10153.293104898854,10140.793104898854,10128.293104898854,10115.793104898854,10103.293104898854,10090.793104898852,10078.29310489885,10065.793104898848,10053.293104898845,10040.79310489884,10028.29310489883,10015.793104898818,10003.2931048988,9990.793104898774,9978.293104898738,9965.793104898683,9953.293104898603,9940.79310489849,9928.293104898326,9915.793104898094,9903.293104897757,9890.793104897279,9878.293104896595,9865.793104895625,9853.293104894248,9840.793104892298,9828.293104889543,9815.793104885654,9803.293104880178,9790.793104872486,9778.2931048617,9765.793104846607,9753.29310482553,9740.793104796157,9728.293104755307,9715.79310469861,9703.29310462008,9690.793104511527,9678.29310436179,9665.793104155662,9653.293103872496,9640.7931034843,9628.293102953226,9615.793102228203,9603.293101240466,9590.793099897655,9578.293098075983,9565.793095609926,9553.293092278669,9540.793087788312,9528.293081748609,9515.793073642599,9503.29306278709,9490.793048281394,9478.293028940941,9465.793003211638,9453.292969059612,9440.79292382974,9428.292864064595,9415.792785273443,9403.29268163839,9390.792545641685,9378.29236759449,9365.792135042888,9353.291832021561,9340.791438119024,9328.290927310694,9315.790266506938,9303.289413752602,9290.78831600202,9278.286906379057,9265.785100815028,9253.282793938277,9240.779854067508,9228.276117136633,9215.771379351696,9203.26538835053,9190.757832603078,9178.248328755295,9165.736406582255,9153.221491177443,9140.70288196587,9128.179728089677,9115.650999677884,9103.11545447838,9090.5715993026,9078.017645713782,9065.45145938149,9052.870502531363,9040.271768943567,9027.651711000191,9015.006158355154,9002.330227904142,8989.618224871216,8976.86353500677,8964.058508111892,8951.194333369602,8938.260907275173,8925.246695315664,8912.138588951017,8898.92175989111,8885.579514138155,8872.093148761807,8858.441814882299,8844.602390838294,8830.549369991399,8816.254768045452,8801.688055110513,8786.816117991142,8771.60325829767,8756.011231938714,8739.99933532616,8723.524543185602,8706.541702196362,8689.00378377267,8670.862198136801,8652.067170431732,8632.568177992523,8612.31444607258,8591.255497346661,8569.341748444542,8546.525144676792,8522.759822078282,8498.002784004238,8472.214577862205,8445.359956245065,8417.408505835983,8388.335227066134,8358.121047686069,8326.753254207131,8294.225826600734,8260.539663702497,8225.702689415957,8189.729832975467,8152.642880108229,8114.470195801315,8075.246323378589,8035.01146855678,7993.810880903746,7951.694148492414,7908.7144243695675,7864.927605600931,7820.391487004725,7775.164912175629,7729.306944003976,7682.876075631283,7635.9295007189885,7588.5224591508795,7540.707670985419,7492.534867793563,7444.050426648473,7395.297108168494,7346.313896338899,7297.135934518113,7247.794549208479,7198.317350942922,7148.728400069087,7099.04842432213,7049.29507484591,6999.483207693725,6949.625178728105,6899.731141137599,6849.809336377968,6799.866371104035,6749.907474470339,6699.936731940552,6649.957293372065,6599.971554569563,6549.981312688691,6499.987896799079,6449.992275585357,6399.995144592301,6349.996995634256,6299.998171025996,6249.998905191651,6199.999356009828,6149.999627993025,6099.999789109064,6049.99988275704,5999.999936128677,5949.999965930714,5899.999982221981,5849.99999093292,5799.999995484679,5749.999997806739,5699.999998962035,5649.999999521988,5599.9999997860605,5549.999999907077,5499.999999960892,5449.999999984078,5399.999999993742,5349.99999999763,5299.999999999137,5249.999999999699,5199.9999999999,5149.999999999969,5099.999999999991,5049.999999999998,5000.0,4950.0,4900.0,4850.0,4800.0,4750.0,4700.0,4650.0,4600.0,4550.0,4500.0,4450.0,4400.0,4350.0,4300.0,4250.0,4200.0,4150.0,4100.0,4050.0,4000.0,3950.0,3900.0,3850.0,3800.0,3750.0,3700.0,3650.0,3600.0,3550.0,3500.0,3450.0,3400.0,3350.0,3300.0,3250.0,3200.0,3150.0,3100.0,3050.0,3000.0,2950.0,2900.0,2850.0,2800.0,2750.0,2700.0,2650.0,2600.0,2550.0,2500.0,2450.0,2400.0,2350.0,2300.0,2250.0,2200.0,2150.0,2100.0,2050.0,2000.0,1950.0,1900.0,1850.0,1800.0,1750.0,1700.0,1650.0,1600.0,1550.0,1500.0,1450.0,1400.0,1350.0,1300.0,1250.0,1200.0,1150.0,1100.0,1050.0,1000.0,950.0,900.0,850.0,800.0,750.0,700.0,650.0,600.0,550.0,500.0,450.0,400.0,350.0,300.0,250.0,200.0,150.0,100.0,50.0,0.0
87,12740.7930801071,12728.293082366328,12715.79308442873,12703.293086310621,12690.793088027041,12678.293089591843,12665.793091017782,12653.293092316597,12640.793093499085,12628.293094575178,12615.793095554,12603.293096443935,12590.793097252681,12578.293097987305,12565.79309865429,12553.29309925958,12540.79309980862,12528.293100306404,12515.793100757503,12503.293101166097,12490.793101536015,12478.293101870757,12465.793102173518,12453.293102447222,12440.793102694533,12428.293102917889,12415.793103119508,12403.293103301414,12390.793103465454,12378.293103613307,12365.7931037465,12353.29310386643,12340.79310397436,12328.29310407144,12315.793104158716,12303.293104237137,12290.793104307564,12278.29310437078,12265.79310442749,12253.29310447834,12240.79310452391,12228.293104564726,12215.793104601262,12203.29310463395,12190.793104663182,12178.293104689306,12165.793104712642,12153.293104733473,12140.793104752058,12128.293104768629,12115.793104783397,12103.29310479655,12090.79310480826,12078.293104818677,12065.793104827939,12053.293104836168,12040.793104843477,12028.293104849963,12015.793104855717,12003.293104860819,11990.793104865337,11978.293104869339,11965.79310487288,11953.293104876011,11940.793104878778,11928.29310488122,11915.793104883378,11903.293104885279,11890.793104886954,11878.293104888431,11865.793104889732,11853.293104890876,11840.79310489188,11828.293104892764,11815.793104893539,11803.29310489422,11790.793104894816,11778.293104895338,11765.793104895794,11753.293104896196,11740.793104896547,11728.293104896853,11715.793104897119,11703.293104897351,11690.793104897553,11678.29310489773,11665.793104897883,11653.293104898017,11640.793104898134,11628.293104898235,11615.793104898325,11603.293104898401,11590.793104898466,11578.293104898523,11565.793104898572,11553.293104898614,11540.793104898652,11528.293104898683,11515.79310489871,11503.293104898734,11490.793104898754,11478.29310489877,11465.793104898785,11453.293104898796,11440.793104898807,11428.293104898816,11415.793104898823,11403.293104898828,11390.793104898834,11378.29310489884,11365.793104898843,11353.293104898847,11340.793104898848,11328.29310489885,11315.79310489885,11303.29310489885,11290.793104898852,11278.293104898854,11265.793104898854,11253.293104898854,11240.793104898854,11228.293104898854,11215.793104898854,11203.293104898854,11190.793104898854,11178.293104898854,11165.793104898854,11153.293104898854,11140.793104898854,11128.293104898854,11115.793104898854,11103.293104898854,11090.793104898854,11078.293104898854,11065.793104898854,11053.293104898854,11040.793104898854,11028.293104898854,11015.793104898854,11003.293104898854,10990.793104898854,10978.293104898854,10965.793104898854,10953.293104898854,10940.793104898854,10928.293104898854,10915.793104898854,10903.293104898854,10890.793104898854,10878.293104898854,10865.793104898854,10853.293104898854,10840.793104898854,10828.293104898854,10815.793104898854,10803.293104898854,10790.793104898854,10778.293104898854,10765.793104898854,10753.293104898854,10740.793104898854,10728.293104898854,10715.793104898854,10703.293104898854,10690.793104898854,10678.293104898854,10665.793104898854,10653.293104898854,10640.793104898854,10628.293104898854,10615.793104898854,10603.293104898854,10590.793104898854,10578.293104898854,10565.793104898854,10553.293104898854,10540.793104898854,10528.293104898854,10515.793104898854,10503.293104898854,10490.793104898854,10478.293104898854,10465.793104898854,10453.293104898854,10440.793104898854,10428.293104898854,10415.793104898854,10403.293104898854,10390.793104898854,10378.293104898854,10365.793104898854,10353.293104898854,10340.793104898854,10328.293104898854,10315.793104898854,10303.293104898854,10290.793104898854,10278.293104898854,10265.793104898854,10253.293104898854,10240.793104898854,10228.293104898854,10215.793104898854,10203.293104898854,10190.793104898852,10178.29310489885,10165.793104898847,10153.293104898841,10140.793104898834,10128.293104898823,10115.793104898807,10103.293104898785,10090.793104898752,10078.293104898707,10065.79310489864,10053.293104898543,10040.793104898403,10028.293104898205,10015.793104897919,10003.293104897513,9990.793104896933,9978.29310489611,9965.793104894943,9953.293104893291,9940.79310489096,9928.293104887673,9915.793104883047,9903.293104876551,9890.793104867449,9878.29310485472,9865.793104836954,9853.293104812208,9840.793104777811,9828.293104730092,9815.793104664024,9803.293104572742,9790.793104446875,9778.29310427367,9765.793104035816,9753.293103709842,9740.79310326402,9728.293102655545,9715.793101826788,9703.293100700352,9690.7930991725,9678.293097104537,9665.793094311419,9653.293090546857,9640.793085483785,9628.293078688901,9615.79306958949,9603.293057430372,9590.793041218145,9578.293019649198,9565.792991017004,9553.292953093067,9540.792902974496,9528.292836889379,9515.792749949018,9503.292635833439,9490.792486393435,9478.292291148482,9465.79203665528,9453.291705716072,9440.791276389256,9428.29072075695,9415.790003394875,9403.289079479058,9390.78789245118,9378.28637114976,9365.784426297501,9353.281946215946,9340.778791616865,9328.274789295454,9315.769724523398,9303.263331910162,9290.755284468629,9278.245180586728,9265.732528570377,9253.216728385458,9240.697050188659,9228.172609199875,9215.64233643388,9203.104944778084,9190.558889878284,9178.00232527819,9165.433051253782,9152.848456793783,9140.245454206077,9127.62040588079,9114.969042818015,9102.28637463584,9089.566590916525,9076.802953928911,9063.987682986606,9051.111830966442,9038.165153820992,9025.13597427238,9012.011041269587,8998.775387223508,8985.412185496001,8971.902611100893,8958.22570806363,8944.358267365453,8930.274719848605,8915.947048858916,8901.344727726433,8886.434687407414,8871.181319704316,8855.546521417487,8839.489784537303,8822.968337135893,8805.937338945627,8788.35013470565,8770.158567214938,8751.313350657205,8731.76450317761,8711.461835923488,8690.355493854455,8668.396541636332,8645.537585926,8621.733423407459,8596.941702138127,8571.123582197972,8544.244380391705,8516.274182921206,8487.188409597347,8456.96831335871,8425.601399651283,8393.081751616497,8359.410249025861,8324.594671450988,8288.64967919948,8251.596668983002,8213.463504990537,8174.284129872844,8134.098063944372,8092.949804510155,8050.88814046353,8007.965400023316,7964.236651554218,7919.758878738869,7874.590151876805,7828.788816748885,7782.412721322143,7735.518498640309,7688.160921649336,7640.392342579684,7592.262226008487,7543.816781031555,7495.098694269549,7446.146961890625,7396.996815612755,7347.679734886611,7298.223535255109,7248.652521301739,7198.987691660556,7149.2469832520255,7099.44554218192,7049.596009517931,6999.708811342138,6949.79244395617,6899.853746774743,6849.898157171518,6799.929943239001,6749.952412007662,6699.968092074773,6649.978890777482,6599.986226985402,6549.991141282112,6499.994385765145,6449.996495944934,6399.997847297568,6349.998698960881,6299.999226895766,6249.999548599881,6199.999741189932,6149.99985438684,6099.999919664615,6049.99995657219,5999.999977015703,5949.999988100692,5899.999993979402,5849.999997025882,5799.999998567086,5749.999999327432,5699.999999692831,5649.999999863675,5599.999999941289,5549.999999975502,5499.999999990113,5449.999999996147,5399.999999998554,5349.999999999478,5299.99999999982,5249.999999999941,5199.999999999982,5149.9999999999945,5099.999999999999,5050.0,5000.0,4950.0,4900.0,4850.0,4800.0,4750.0,4700.0,4650.0,4600.0,4550.0,4500.0,4450.0,4400.0,4350.0,4300.0,4250.0,4200.0,4150.0,4100.0,4050.0,4000.0,3950.0,3900.0,3850.0,3800.0,3750.0,3700.0,3650.0,3600.0,3550.0,3500.0,3450.0,3400.0,3350.0,3300.0,3250.0,3200.0,3150.0,3100.0,3050.0,3000.0,2950.0,2900.0,2850.0,2800.0,2750.0,2700.0,2650.0,2600.0,2550.0,2500.0,2450.0,2400.0,2350.0,2300.0,2250.0,2200.0,2150.0,2100.0,2050.0,2000.0,1950.0,1900.0,1850.0,1800.0,1750.0,1700.0,1650.0,1600.0,1550.0,1500.0,1450.0,1400.0,1350.0,1300.0,1250.0,1200.0,1150.0,1100.0,1050.0,1000.0,950.0,900.0,850.0,800.0,750.0,700.0,650.0,600.0,550.0,500.0,450.0,400.0,350.0,300.0,250.0,200.0,150.0,100.0,50.0,0.0
88,12815.793092653214,12803.293093796201,12790.79309483703,12778.29309578441,12765.79309664634,12753.293097430173,12740.79309814266,12728.29309879,12715.79309937788,12703.293099911512,12690.79310039568,12678.293100834762,12665.793101232772,12653.293101593377,12640.793101919942,12628.293102215537,12615.793102482972,12603.293102724814,12590.793102943404,12578.293103140883,12565.7931033192,12553.293103480137,12540.793103625316,12528.293103756214,12515.793103874177,12503.293103980432,12490.79310407609,12478.293104162165,12465.793104239578,12453.293104309163,12440.793104371682,12428.29310442782,12415.793104478204,12403.2931045234,12390.79310456392,12378.293104600229,12365.793104632747,12353.293104661852,12340.793104687893,12328.293104711176,12315.793104731983,12303.293104750566,12290.793104767155,12278.293104781955,12265.79310479515,12253.29310480691,12240.793104817383,12228.293104826706,12215.793104834998,12203.29310484237,12190.793104848924,12178.293104854743,12165.79310485991,12153.29310486449,12140.793104868551,12128.29310487215,12115.793104875336,12103.293104878156,12090.79310488065,12078.293104882852,12065.793104884799,12053.293104886516,12040.793104888031,12028.293104889366,12015.793104890543,12003.29310489158,11990.793104892491,11978.293104893291,11965.793104893995,11953.293104894614,11940.793104895156,11928.293104895632,11915.79310489605,11903.293104896416,11890.793104896735,11878.293104897013,11865.793104897257,11853.293104897471,11840.793104897657,11828.293104897819,11815.79310489796,11803.293104898083,11790.79310489819,11778.293104898283,11765.793104898365,11753.293104898436,11740.793104898497,11728.29310489855,11715.793104898596,11703.293104898636,11690.793104898668,11678.293104898697,11665.793104898721,11653.293104898741,11640.793104898761,11628.293104898776,11615.793104898788,11603.293104898801,11590.79310489881,11578.29310489882,11565.793104898827,11553.293104898832,11540.793104898838,11528.293104898841,11515.793104898845,11503.293104898847,11490.793104898848,11478.29310489885,11465.79310489885,11453.29310489885,11440.793104898852,11428.293104898854,11415.793104898854,11403.293104898854,11390.793104898854,11378.293104898854,11365.793104898854,11353.293104898854,11340.793104898854,11328.293104898854,11315.793104898854,11303.293104898854,11290.793104898854,11278.293104898854,11265.793104898854,11253.293104898854,11240.793104898854,11228.293104898854,11215.793104898854,11203.293104898854,11190.793104898854,11178.293104898854,11165.793104898854,11153.293104898854,11140.793104898854,11128.293104898854,11115.793104898854,11103.293104898854,11090.793104898854,11078.293104898854,11065.793104898854,11053.293104898854,11040.793104898854,11028.293104898854,11015.793104898854,11003.293104898854,10990.793104898854,10978.293104898854,10965.793104898854,10953.293104898854,10940.793104898854,10928.293104898854,10915.793104898854,10903.293104898854,10890.793104898854,10878.293104898854,10865.793104898854,10853.293104898854,10840.793104898854,10828.293104898854,10815.793104898854,10803.293104898854,10790.793104898854,10778.293104898854,10765.793104898854,10753.293104898854,10740.793104898854,10728.293104898854,10715.793104898854,10703.293104898854,10690.793104898854,10678.293104898854,10665.793104898854,10653.293104898854,10640.793104898854,10628.293104898854,10615.793104898854,10603.293104898854,10590.793104898854,10578.293104898854,10565.793104898854,10553.293104898854,10540.793104898854,10528.293104898854,10515.793104898854,10503.293104898854,10490.793104898854,10478.293104898854,10465.793104898854,10453.293104898854,10440.793104898854,10428.293104898854,10415.793104898854,10403.293104898854,10390.793104898854,10378.293104898854,10365.793104898854,10353.293104898854,10340.793104898854,10328.293104898854,10315.793104898854,10303.293104898852,10290.79310489885,10278.293104898847,10265.793104898843,10253.293104898838,10240.793104898828,10228.293104898814,10215.793104898796,10203.293104898767,10190.793104898727,10178.29310489867,10165.793104898588,10153.29310489847,10140.793104898301,10128.293104898057,10115.793104897713,10103.293104897222,10090.793104896526,10078.293104895536,10065.793104894137,10053.293104892164,10040.793104889384,10028.293104885475,10015.793104879991,10003.293104872311,9990.793104861576,9978.293104846602,9965.793104825756,9953.29310479679,9940.793104756629,9928.29310470105,9915.793104624287,9903.293104518481,9890.79310437294,9878.293104173137,9865.7931038994,9853.293103525126,9840.793103014435,9828.293102319029,9815.793101374034,9803.293100092524,9790.79309835826,9778.293096016167,9765.793092859833,9753.293088615126,9740.793082918834,9728.29307529081,9715.793065097834,9703.29305150677,9690.793033424048,9678.293009417725,9665.792977617304,9653.29293558541,9640.792880153818,9628.292807214571,9615.792711454647,9603.292586019918,9590.792422090817,9578.292208348194,9565.791930302952,9553.291569457422,9540.791102259565,9528.290498803059,9515.789721216861,9503.28872167677,9490.787439958667,9478.285800438276,9465.783708425373,9453.28104570099,9440.777665104477,9428.273383993008,9415.767976369152,9403.261163442849,9390.7526023623,9378.241872814438,9365.728461160248,9353.21174173377,9340.690954897163,9328.165181408871,9315.633312629083,9303.09401605829,9290.545695682702,9277.98644658732,9265.414003296355,9252.825681314522,9240.218311375262,9227.588165956742,9214.930877707407,9202.241349534022,9189.51365625003,9176.740937864222,9163.915284811921,9151.027615694931,9138.067548403256,9125.023265840071,9111.88137785915,9098.626781445919,9085.242521622251,9071.709656020994,9058.007126545988,9044.111641991083,9029.997575918536,9015.636884471618,9000.999049094631,8986.051049330346,8970.75737093426,8955.080054461105,8938.978789217894,8922.4110570183,8905.332329499299,8887.696321862702,8869.455304779778,8850.560474853908,8830.962382492879,8810.611414328552,8789.458325479492,8767.454815035499,8744.554136216542,8720.711730796753,8695.885875667507,8670.038327927556,8643.134953716984,8615.146325235995,8586.048270080286,8555.822357239367,8524.456304881387,8491.944296404065,8458.287193156846,8423.492634697195,8387.575020368531,8350.555369286074,8312.461059372668,8273.325449762333,8233.187394534129,8192.090659195414,8150.083254446454,8107.216704382752,8063.545268301974,8019.125136580633,7974.013621607048,7928.268364475227,7881.946577073649,7835.104337398412,7787.795953474681,7740.073408309053,7691.98589496877,7643.579447357855,7594.896668707224,7545.976556382893,7496.854418496237,7447.561875101848,7398.126934590941,7348.5741342952715,7298.924733335433,7249.196945369127,7199.406199077699,7149.565414903373,7099.685287624824,7049.774565731717,6999.840320121297,6949.8881962864225,6899.922645798102,6849.947134424686,6799.964325610371,6749.97623921308,6699.984386351387,6649.989881925292,6599.993536865182,6549.995932448252,6499.997479131358,6449.998462317782,6399.999077337995,6349.999455715109,6299.999684534454,6249.999820469027,6199.9998997481225,6149.999945109405,6099.999970554196,6049.999984536203,5999.9999920567025,5949.999996012714,5899.999998046027,5849.999999066171,5799.999999565257,5749.999999803082,5699.999999913332,5649.999999962989,5599.999999984688,5549.999999993874,5499.9999999976335,5449.99999999912,5399.999999999685,5349.999999999893,5299.999999999965,5249.999999999989,5199.999999999997,5150.0,5100.0,5050.0,5000.0,4950.0,4900.0,4850.0,4800.0,4750.0,4700.0,4650.0,4600.0,4550.0,4500.0,4450.0,4400.0,4350.0,4300.0,4250.0,4200.0,4150.0,4100.0,4050.0,4000.0,3950.0,3900.0,3850.0,3800.0,3750.0,3700.0,3650.0,3600.0,3550.0,3500.0,3450.0,3400.0,3350.0,3300.0,3250.0,3200.0,3150.0,3100.0,3050.0,3000.0,2950.0,2900.0,2850.0,2800.0,2750.0,2700.0,2650.0,2600.0,2550.0,2500.0,2450.0,2400.0,2350.0,2300.0,2250.0,2200.0,2150.0,2100.0,2050.0,2000.0,1950.0,1900.0,1850.0,1800.0,1750.0,1700.0,1650.0,1600.0,1550.0,1500.0,1450.0,1400.0,1350.0,1300.0,1250.0,1200.0,1150.0,1100.0,1050.0,1000.0,950.0,900.0,850.0,800.0,750.0,700.0,650.0,600.0,550.0,500.0,450.0,400.0,350.0,300.0,250.0,200.0,150.0,100.0,50.0,0.0
89,12890.793098929744,12878.293099500137,12865.79310001826,12853.293100488687,12840.793100915615,12828.293101302885,12815.79310165402,12803.293101972245,12790.793102260508,12778.293102521508,12765.79310275771,12753.29310297137,12740.793103164548,12728.293103339121,12715.793103496808,12703.293103639171,12690.793103767637,12678.293103883505,12665.79310398796,12653.29310408208,12640.793104166843,12628.293104243145,12615.793104311793,12603.293104373524,12590.793104429005,12578.293104478846,12565.793104523596,12553.293104563754,12540.793104599774,12528.293104632065,12515.793104660996,12503.293104686905,12490.793104710096,12478.29310473084,12465.793104749386,12453.293104765959,12440.793104780758,12428.293104793971,12415.793104805758,12403.293104816266,12390.79310482563,12378.29310483397,12365.793104841394,12353.293104847999,12340.79310485387,12328.293104859089,12315.793104863722,12303.293104867835,12290.793104871484,12278.293104874718,12265.793104877583,12253.29310488012,12240.793104882365,12228.29310488435,12215.793104886105,12203.293104887654,12190.793104889022,12178.29310489023,12165.793104891294,12153.293104892233,12140.793104893059,12128.293104893784,12115.793104894423,12103.293104894985,12090.793104895478,12078.29310489591,12065.793104896291,12053.293104896624,12040.793104896915,12028.29310489717,12015.793104897391,12003.293104897586,11990.793104897755,11978.293104897903,11965.793104898034,11953.293104898146,11940.793104898245,11928.29310489833,11915.793104898405,11903.293104898468,11890.793104898523,11878.293104898572,11865.793104898614,11853.293104898652,11840.793104898683,11828.29310489871,11815.793104898734,11803.293104898754,11790.79310489877,11778.293104898785,11765.793104898796,11753.293104898807,11740.793104898816,11728.293104898823,11715.793104898828,11703.293104898834,11690.79310489884,11678.293104898843,11665.793104898847,11653.293104898848,11640.79310489885,11628.29310489885,11615.79310489885,11603.29310489885,11590.793104898852,11578.293104898854,11565.793104898854,11553.293104898854,11540.793104898854,11528.293104898854,11515.793104898854,11503.293104898854,11490.793104898854,11478.293104898854,11465.793104898854,11453.293104898854,11440.793104898854,11428.293104898854,11415.793104898854,11403.293104898854,11390.793104898854,11378.293104898854,11365.793104898854,11353.293104898854,11340.793104898854,11328.293104898854,11315.793104898854,11303.293104898854,11290.793104898854,11278.293104898854,11265.793104898854,11253.293104898854,11240.793104898854,11228.293104898854,11215.793104898854,11203.293104898854,11190.793104898854,11178.293104898854,11165.793104898854,11153.293104898854,11140.793104898854,11128.293104898854,11115.793104898854,11103.293104898854,11090.793104898854,11078.293104898854,11065.793104898854,11053.293104898854,11040.793104898854,11028.293104898854,11015.793104898854,11003.293104898854,10990.793104898854,10978.293104898854,10965.793104898854,10953.293104898854,10940.793104898854,10928.293104898854,10915.793104898854,10903.293104898854,10890.793104898854,10878.293104898854,10865.793104898854,10853.293104898854,10840.793104898854,10828.293104898854,10815.793104898854,10803.293104898854,10790.793104898854,10778.293104898854,10765.793104898854,10753.293104898854,10740.793104898854,10728.293104898854,10715.793104898854,10703.293104898854,10690.793104898854,10678.293104898854,10665.793104898854,10653.293104898854,10640.793104898854,10628.293104898854,10615.793104898854,10603.293104898854,10590.793104898854,10578.293104898854,10565.793104898854,10553.293104898854,10540.793104898854,10528.293104898854,10515.793104898854,10503.293104898854,10490.793104898854,10478.293104898854,10465.793104898854,10453.293104898854,10440.793104898854,10428.293104898854,10415.793104898852,10403.29310489885,10390.793104898848,10378.293104898845,10365.79310489884,10353.293104898832,10340.793104898821,10328.293104898805,10315.793104898781,10303.293104898747,10290.793104898697,10278.293104898627,10265.793104898527,10253.293104898383,10240.793104898177,10228.293104897883,10215.793104897466,10203.293104896875,10190.793104896038,10178.293104894856,10165.793104893186,10153.293104890836,10140.793104887533,10128.293104882903,10115.793104876422,10103.29310486737,10090.793104854749,10078.293104837187,10065.7931048128,10053.293104778997,10040.793104732238,10028.293104667688,10015.793104578746,10003.293104456443,9990.7931042886,9978.293104058717,9965.793103744494,9953.29310331585,9940.7931027323,9928.293101939471,9915.793100864508,9903.293099409988,9890.793097445941,9878.293094799361,9865.793091240463,9853.29308646476,9840.793080069689,9828.293071524251,9815.79306012967,9803.29304496853,9790.793024839228,9778.292998171686,9765.792962919324,9753.292916420922,9740.79285522454,9728.292774863668,9715.792669573519,9703.292531932466,9690.792352410284,9678.292118800653,9665.791815510489,9653.291422672786,9640.79091504262,9628.290260627818,9615.789418996072,9603.288339189086,9590.78695716131,9578.28519264585,9565.782945333032,9553.280090227789,9540.776472030204,9528.271898359417,9515.766131614355,9503.258879235702,9490.749782102252,9478.238400761653,9465.724199161006,9453.206525507576,9440.684589854905,9428.15743797604,9415.623921054917,9403.082660700964,9390.532008772845,9377.9700014874,9365.3943072921,9352.802167996877,9340.190332697399,9327.554984080274,9314.891656785287,9302.195147613831,9289.459417520256,9276.67748550649,9263.841314762949,9250.941691661676,9237.968098511428,9224.908581327925,9211.749614252594,9198.475962665118,9185.070547471087,9171.514313496255,9157.786105370258,9143.862554719522,9129.717982893055,9115.324323795026,9100.651071671517,9085.665258871417,9070.331468648204,9054.611887966064,9038.46640499787,9021.852755534634,9004.726721851375,8987.04238668445,8968.752443869602,8949.808565876503,8930.161826973228,8909.76317909255,8888.563975692221,8866.516537055888,8843.574748632283,8819.694682229067,8794.835228241589,8768.958725686425,8742.031575705343,8714.024823483132,8684.91469324928,8654.683061262567,8623.317852444849,8590.813347650332,8557.170390419276,8522.396484434488,8486.505775712129,8449.518916727062,8411.462813085593,8372.370256885111,8332.279454397554,8291.233459032775,8249.279523531422,8206.468387867431,8162.853521288409,8118.490338194066,8073.435408086158,8027.745679591682,7981.477737576317,7934.687110677407,7887.427644281166,7839.750951163919,7791.705948853158,7743.338489397263,7694.691083825757,7645.802720293658,7596.708771880092,7547.440987377291,7498.027556258345,7448.493237414841,7398.859540238741,7349.14494618221,7299.365159028988,7249.533372688848,7199.660546299998,7149.755677696623,7099.826067768423,7049.8775698051295,6999.914819488962,6949.941442691503,6899.960239584903,6849.97334474512,6799.98236387987,6749.98848854666,6699.992590741934,6649.995299558575,6599.997062251969,6549.998192055687,6499.998904980015,6449.99934764225,6399.999617946504,6349.999780177899,6299.999875821345,6249.999931173663,6199.999962599202,6149.999980088998,6099.9999896238005,6049.999994711397,5999.999997366092,5949.99999871947,5899.999999392913,5849.9999997196555,5799.999999874053,5749.999999945026,5699.999999976719,5649.999999990449,5599.999999996211,5549.999999998549,5499.999999999465,5449.999999999811,5399.999999999936,5349.99999999998,5299.999999999994,5249.999999999998,5200.0,5150.0,5100.0,5050.0,5000.0,4950.0,4900.0,4850.0,4800.0,4750.0,4700.0,4650.0,4600.0,4550.0,4500.0,4450.0,4400.0,4350.0,4300.0,4250.0,4200.0,4150.0,4100.0,4050.0,4000.0,3950.0,3900.0,3850.0,3800.0,3750.0,3700.0,3650.0,3600.0,3550.0,3500.0,3450.0,3400.0,3350.0,3300.0,3250.0,3200.0,3150.0,3100.0,3050.0,3000.0,2950.0,2900.0,2850.0,2800.0,2750.0,2700.0,2650.0,2600.0,2550.0,2500.0,2450.0,2400.0,2350.0,2300.0,2250.0,2200.0,2150.0,2100.0,2050.0,2000.0,1950.0,1900.0,1850.0,1800.0,1750.0,1700.0,1650.0,1600.0,1550.0,1500.0,1450.0,1400.0,1350.0,1300.0,1250.0,1200.0,1150.0,1100.0,1050.0,1000.0,950.0,900.0,850.0,800.0,750.0,700.0,650.0,600.0,550.0,500.0,450.0,400.0,350.0,300.0,250.0,200.0,150.0,100.0,50.0,0.0
90,12965.793102027312,12953.29310230811,12940.793102562537,12928.293102792964,12915.793103001559,12903.2931031903,12890.793103360998,12878.293103515303,12865.793103654725,12853.293103780637,12840.793103894297,12828.293103996844,12815.793104089322,12803.293104172677,12790.793104247772,12778.293104315395,12765.793104376258,12753.29310443101,12740.793104480237,12728.293104524477,12715.793104564214,12703.293104599888,12690.793104631899,12678.293104660606,12665.79310468634,12653.293104709393,12640.793104730037,12628.293104748513,12615.793104765038,12603.293104779812,12590.793104793014,12578.293104804803,12565.793104815326,12553.293104824714,12540.793104833083,12528.29310484054,12515.793104847182,12503.293104853094,12490.793104858352,12478.293104863029,12465.793104867185,12453.293104870874,12440.79310487415,12428.293104877055,12415.79310487963,12403.293104881912,12390.793104883931,12378.293104885717,12365.793104887298,12353.293104888695,12340.79310488993,12328.29310489102,12315.793104891982,12303.29310489283,12290.793104893575,12278.293104894234,12265.793104894814,12253.293104895323,12240.79310489577,12228.293104896164,12215.79310489651,12203.293104896811,12190.793104897077,12178.29310489731,12165.793104897513,12153.293104897692,12140.793104897846,12128.293104897983,12115.7931048981,12103.293104898205,12090.793104898295,12078.293104898374,12065.793104898443,12053.293104898501,12040.793104898552,12028.293104898596,12015.793104898636,12003.293104898668,11990.793104898697,11978.293104898721,11965.793104898741,11953.293104898761,11940.793104898776,11928.293104898788,11915.793104898801,11903.29310489881,11890.79310489882,11878.293104898827,11865.793104898832,11853.293104898838,11840.793104898841,11828.293104898845,11815.793104898847,11803.293104898848,11790.79310489885,11778.29310489885,11765.79310489885,11753.293104898852,11740.793104898854,11728.293104898854,11715.793104898854,11703.293104898854,11690.793104898854,11678.293104898854,11665.793104898854,11653.293104898854,11640.793104898854,11628.293104898854,11615.793104898854,11603.293104898854,11590.793104898854,11578.293104898854,11565.793104898854,11553.293104898854,11540.793104898854,11528.293104898854,11515.793104898854,11503.293104898854,11490.793104898854,11478.293104898854,11465.793104898854,11453.293104898854,11440.793104898854,11428.293104898854,11415.793104898854,11403.293104898854,11390.793104898854,11378.293104898854,11365.793104898854,11353.293104898854,11340.793104898854,11328.293104898854,11315.793104898854,11303.293104898854,11290.793104898854,11278.293104898854,11265.793104898854,11253.293104898854,11240.793104898854,11228.293104898854,11215.793104898854,11203.293104898854,11190.793104898854,11178.293104898854,11165.793104898854,11153.293104898854,11140.793104898854,11128.293104898854,11115.793104898854,11103.293104898854,11090.793104898854,11078.293104898854,11065.793104898854,11053.293104898854,11040.793104898854,11028.293104898854,11015.793104898854,11003.293104898854,10990.793104898854,10978.293104898854,10965.793104898854,10953.293104898854,10940.793104898854,10928.293104898854,10915.793104898854,10903.293104898854,10890.793104898854,10878.293104898854,10865.793104898854,10853.293104898854,10840.793104898854,10828.293104898854,10815.793104898854,10803.293104898854,10790.793104898854,10778.293104898854,10765.793104898854,10753.293104898854,10740.793104898854,10728.293104898854,10715.793104898854,10703.293104898854,10690.793104898854,10678.293104898854,10665.793104898854,10653.293104898854,10640.793104898854,10628.293104898854,10615.793104898854,10603.293104898854,10590.793104898854,10578.293104898854,10565.793104898854,10553.293104898854,10540.793104898854,10528.293104898854,10515.793104898852,10503.29310489885,10490.793104898847,10478.293104898843,10465.793104898836,10453.293104898825,10440.793104898812,10428.293104898792,10415.793104898763,10403.293104898721,10390.793104898661,10378.293104898574,10365.793104898452,10353.293104898277,10340.793104898028,10328.293104897675,10315.793104897173,10303.293104896464,10290.793104895463,10278.293104894052,10265.793104892065,10253.293104889277,10240.793104885368,10228.2931048799,10215.793104872266,10203.293104861628,10190.793104846834,10178.2931048263,10165.79310479785,10153.293104758515,10140.79310470423,10128.293104629462,10115.793104526685,10103.293104385684,10090.793104192622,10078.293103928801,10065.793103569002,10053.293103079288,10040.793102414082,10028.293101512314,10015.793100292329,10003.293098645187,9990.793096425863,9978.293093441738,9965.793089437535,9953.293084075709,9940.793076910955,9928.293067357148,9915.793054644608,9903.293037764966,9890.793015400262,9878.292985831995,9865.79294682476,9853.292895477834,9840.792828036345,9828.292739651768,9815.792624078997,9803.292473294323,9790.792277015127,9778.292022097787,9765.791691785287,9753.291264769921,9740.790714029354,9728.290005385923,9715.789095729226,9703.287930830633,9690.786442665192,9678.284546141298,9665.782135121286,9653.279077596722,9640.77520986041,9628.270329493032,9615.764186955861,9603.256475552305,9590.746819490256,9578.23475974481,9565.719737387368,9553.201074013083,9540.67794886516,9528.149372222744,9515.614154590583,9503.070871205126,9490.517821355334,9477.952982009701,9465.37395524656,9452.777909005721,9440.161510719343,9427.520853441807,9414.851374186215,9402.147764292158,9389.40387179903,9376.612595984228,9363.7657744482,9350.85406338991,9337.86681201687,9324.791932372063,9311.6157662327,9298.322951137476,9284.896288022357,9271.316613379597,9257.562679288108,9243.611045079962,9229.435984789667,9215.00941485981,9200.300846826563,9185.2773698581,9169.903668044686,9154.142077217955,9137.952685787708,9121.293483609352,9104.120562220834,9086.388368907035,9068.050015962694,9049.057645240935,9029.362846612268,9008.917127348031,8987.672427722835,8965.581676353122,8942.599377014025,8918.682216972162,8893.78968531204,8867.884688395014,8840.93414854844,8812.909571410455,8783.787567115569,8753.550310748005,8722.18592824673,8689.688795230893,8656.05973801694,8621.306128383549,8585.441866347819,8548.48724826115,8510.468720810171,8471.41852489328,8431.37423670097,8390.37821651683,8348.476978636105,8305.720498239434,8262.161472947446,8217.854558027462,8172.8555947665145,8127.220851338963,8081.006294591769,8034.266909591855,7987.056081607394,7939.42505253738,7891.422460793594,7843.093970423268,7794.481991993379,7745.625494589494,7696.559905353231,7647.317090412806,7597.92540894552,7548.409830513749,7498.792104769152,7449.090972123462,7399.322404008183,7349.499861834156,7299.634564639324,7249.735756589798,7199.810966879598,7149.866256062573,7099.906444356721,7049.935318908313,6999.955818327664,6949.970193963824,6899.980148342745,6849.98695194037,6799.99154000087,6749.994591455082,6699.99659216823,6649.997884777884,6599.998707303799,6549.999222551911,6499.999540123807,6449.999732605363,6399.999847264221,6349.999914350543,6299.999952879741,6249.999974585819,6199.999986572435,6149.999993055871,6099.999996487941,6049.999998264483,5999.999999162874,5949.999999606278,5899.999999819643,5849.99999991963,5799.999999965206,5749.999999985387,5699.9999999940555,5649.999999997662,5599.999999999112,5549.999999999676,5499.999999999886,5449.999999999962,5399.999999999988,5349.999999999996,5299.999999999999,5250.0,5200.0,5150.0,5100.0,5050.0,5000.0,4950.0,4900.0,4850.0,4800.0,4750.0,4700.0,4650.0,4600.0,4550.0,4500.0,4450.0,4400.0,4350.0,4300.0,4250.0,4200.0,4150.0,4100.0,4050.0,4000.0,3950.0,3900.0,3850.0,3800.0,3750.0,3700.0,3650.0,3600.0,3550.0,3500.0,3450.0,3400.0,3350.0,3300.0,3250.0,3200.0,3150.0,3100.0,3050.0,3000.0,2950.0,2900.0,2850.0,2800.0,2750.0,2700.0,2650.0,2600.0,2550.0,2500.0,2450.0,2400.0,2350.0,2300.0,2250.0,2200.0,2150.0,2100.0,2050.0,2000.0,1950.0,1900.0,1850.0,1800.0,1750.0,1700.0,1650.0,1600.0,1550.0,1500.0,1450.0,1400.0,1350.0,1300.0,1250.0,1200.0,1150.0,1100.0,1050.0,1000.0,950.0,900.0,850.0,800.0,750.0,700.0,650.0,600.0,550.0,500.0,450.0,400.0,350.0,300.0,250.0,200.0,150.0,100.0,50.0,0.0
91,13040.79310353547,13028.293103671844,13015.793103795098,13003.293103906446,12990.793104006989,12978.293104097731,12965.793104179591,12953.2931042534,12940.793104319919,12928.293104379838,12915.793104433786,12903.293104482334,12890.793104526003,12878.29310456526,12865.793104600538,12853.29310463222,12840.793104660659,12828.293104686176,12815.793104709057,12803.293104729566,12790.793104747938,12778.293104764387,12765.793104779108,12753.293104792274,12740.793104804043,12728.293104814558,12715.79310482395,12703.29310483233,12690.793104839806,12678.293104846472,12665.793104852413,12653.293104857703,12640.79310486241,12628.293104866598,12615.793104870321,12603.29310487363,12590.79310487657,12578.293104879178,12565.793104881492,12553.293104883543,12540.79310488536,12528.293104886969,12515.793104888391,12503.29310488965,12490.793104890763,12478.293104891745,12465.793104892613,12453.293104893379,12440.793104894054,12428.29310489465,12415.793104895174,12403.293104895636,12390.793104896042,12378.293104896398,12365.793104896711,12353.293104896986,12340.793104897226,12328.293104897437,12315.793104897622,12303.293104897784,12290.793104897926,12278.293104898052,12265.79310489816,12253.293104898255,12240.793104898337,12228.293104898408,12215.793104898472,12203.293104898527,12190.793104898574,12178.293104898616,12165.793104898652,12153.293104898683,12140.79310489871,12128.293104898734,12115.793104898754,12103.29310489877,12090.793104898785,12078.293104898796,12065.793104898807,12053.293104898816,12040.793104898823,12028.293104898828,12015.793104898834,12003.29310489884,11990.793104898843,11978.293104898847,11965.793104898848,11953.29310489885,11940.79310489885,11928.29310489885,11915.79310489885,11903.293104898852,11890.793104898854,11878.293104898854,11865.793104898854,11853.293104898854,11840.793104898854,11828.293104898854,11815.793104898854,11803.293104898854,11790.793104898854,11778.293104898854,11765.793104898854,11753.293104898854,11740.793104898854,11728.293104898854,11715.793104898854,11703.293104898854,11690.793104898854,11678.293104898854,11665.793104898854,11653.293104898854,11640.793104898854,11628.293104898854,11615.793104898854,11603.293104898854,11590.793104898854,11578.293104898854,11565.793104898854,11553.293104898854,11540.793104898854,11528.293104898854,11515.793104898854,11503.293104898854,11490.793104898854,11478.293104898854,11465.793104898854,11453.293104898854,11440.793104898854,11428.293104898854,11415.793104898854,11403.293104898854,11390.793104898854,11378.293104898854,11365.793104898854,11353.293104898854,11340.793104898854,11328.293104898854,11315.793104898854,11303.293104898854,11290.793104898854,11278.293104898854,11265.793104898854,11253.293104898854,11240.793104898854,11228.293104898854,11215.793104898854,11203.293104898854,11190.793104898854,11178.293104898854,11165.793104898854,11153.293104898854,11140.793104898854,11128.293104898854,11115.793104898854,11103.293104898854,11090.793104898854,11078.293104898854,11065.793104898854,11053.293104898854,11040.793104898854,11028.293104898854,11015.793104898854,11003.293104898854,10990.793104898854,10978.293104898854,10965.793104898854,10953.293104898854,10940.793104898854,10928.293104898854,10915.793104898854,10903.293104898854,10890.793104898854,10878.293104898854,10865.793104898854,10853.293104898854,10840.793104898854,10828.293104898854,10815.793104898854,10803.293104898854,10790.793104898854,10778.293104898854,10765.793104898854,10753.293104898854,10740.793104898854,10728.293104898854,10715.793104898854,10703.293104898854,10690.793104898854,10678.293104898854,10665.793104898854,10653.293104898854,10640.793104898854,10628.293104898852,10615.79310489885,10603.293104898848,10590.793104898845,10578.29310489884,10565.79310489883,10553.293104898818,10540.793104898801,10528.293104898778,10515.793104898741,10503.29310489869,10490.793104898617,10478.293104898512,10465.793104898363,10453.293104898152,10440.793104897853,10428.293104897428,10415.793104896828,10403.29310489598,10390.793104894787,10378.293104893108,10365.793104890752,10353.293104887453,10340.79310488284,10328.293104876404,10315.793104867438,10303.293104854976,10290.793104837685,10278.293104813742,10265.793104780649,10253.293104734998,10240.793104672144,10228.293104585773,10215.793104467317,10203.293104305172,10190.793104083657,10178.29310378163,10165.793103370637,10153.293102812475,10140.793102055948,10128.29310103261,10115.793099651139,10103.293097789961,10090.793095287594,10078.29309193,10065.793087434136,10053.293081426533,10040.79307341553,10028.29306275535,10015.793048599744,10003.29302984234,9990.793005040072,9978.292972315177,9965.792929230092,9953.29287262819,9940.79279843162,9928.292701385402,9915.79257473446,9903.292409817153,9890.79219555531,9878.291917816296,9865.791558617466,9853.291095137145,9840.790498489005,9828.289732208086,9815.788750386819,9803.287495387713,9790.7858950462,9778.283859261766,9765.781275858342,9753.278005575386,9740.773876029485,9728.26867446225,9715.762139064089,9703.253948635143,9690.743710314426,9678.230945076546,9665.715070662836,9653.195381580863,9640.671025774358,9628.140977535631,9615.604006206104,9603.058640189462,9590.503125788338,9577.935380371551,9565.352939387769,9552.752896765836,9540.131838285113,9527.485767564507,9514.810024409671,9502.099195377534,9489.347016568852,9476.546268845545,9463.688665892061,9450.764735799894,9437.76369715159,9424.673330913267,9411.479849809664,9398.167767247265,9384.71976826183,9371.116585386184,9357.33688275001,9343.357152120425,9329.151624952743,9314.692204825524,9299.94842486138,9284.88743486295,9269.47402289934,9253.670675940579,9237.437683836473,9220.733290454993,9203.513895122278,9185.734306635204,9167.348051049572,9148.307733192107,9128.56545042152,9108.073255602103,9086.783664591938,9064.650201835844,9041.627975948853,9017.674275544585,8992.749174075143,8966.816131178126,8939.842577044212,8911.800465693412,8882.666782838383,8852.423994266312,8821.060421417056,8788.570532086107,8754.955135925484,8720.221476620076,8684.383215223212,8647.460302062875,8609.478737777932,8570.470227294714,8530.471733779257,8489.524942665235,8447.6756486295,8404.97308074217,8361.469182848232,8317.21786745703,8272.274261966613,8226.693965905764,8180.532337045013,8133.843822751063,8086.681350910358,8039.095792228859,7991.135502850324,7942.845953163267,7894.26944553294,7845.444920642613,7796.407849291848,7747.1902039942015,7697.820502635172,7648.323914857538,7598.722420769556,7549.035011025365,7499.277917281578,7449.464862439694,7399.607320871206,7349.714779908257,7299.79499517719,7249.85423376458,7199.897500649563,7149.928745236553,7099.9510461163845,7049.966773324455,6999.977728321246,6949.985262678667,6899.9903770145875,6849.993802088805,6799.996064176739,6749.997536898396,6699.998481628563,6649.999078479243,6599.999449654686,6549.99967675746,6499.999813391114,6449.9998941768645,6399.999941089507,6349.999967828471,6299.999982777203,6249.999990968587,6199.999995364738,6149.999997673607,6099.999998859274,6049.999999454065,5999.999999745257,5949.999999884236,5899.999999948828,5849.999999978027,5799.999999990847,5749.999999996307,5699.999999998559,5649.999999999458,5599.999999999804,5549.999999999932,5499.999999999977,5449.999999999993,5399.999999999998,5350.0,5300.0,5250.0,5200.0,5150.0,5100.0,5050.0,5000.0,4950.0,4900.0,4850.0,4800.0,4750.0,4700.0,4650.0,4600.0,4550.0,4500.0,4450.0,4400.0,4350.0,4300.0,4250.0,4200.0,4150.0,4100.0,4050.0,4000.0,3950.0,3900.0,3850.0,3800.0,3750.0,3700.0,3650.0,3600.0,3550.0,3500.0,3450.0,3400.0,3350.0,3300.0,3250.0,3200.0,3150.0,3100.0,3050.0,3000.0,2950.0,2900.0,2850.0,2800.0,2750.0,2700.0,2650.0,2600.0,2550.0,2500.0,2450.0,2400.0,2350.0,2300.0,2250.0,2200.0,2150.0,2100.0,2050.0,2000.0,1950.0,1900.0,1850.0,1800.0,1750.0,1700.0,1650.0,1600.0,1550.0,1500.0,1450.0,1400.0,1350.0,1300.0,1250.0,1200.0,1150.0,1100.0,1050.0,1000.0,950.0,900.0,850.0,800.0,750.0,700.0,650.0,600.0,550.0,500.0,450.0,400.0,350.0,300.0,250.0,200.0,150.0,100.0,50.0,0.0
92,13115.793104259952,13103.293104325297,13090.793104384209,13078.293104437293,13065.793104485103,13053.293104528144,13040.793104566872,13028.2931046017,13015.793104633009,13003.293104661137,12990.7931046864,12978.293104709071,12965.793104729413,12953.293104747652,12940.793104763998,12928.29310477864,12915.793104791748,12903.293104803477,12890.793104813967,12878.293104823344,12865.793104831722,12853.293104839202,12840.793104845878,12828.293104851833,12815.79310485714,12803.29310486187,12790.793104866083,12778.293104869832,12765.793104873166,12753.293104876131,12740.793104878765,12728.293104881104,12715.793104883182,12703.293104885024,12690.793104886658,12678.293104888106,12665.793104889386,12653.293104890521,12640.793104891525,12628.293104892411,12615.793104893193,12603.293104893884,12590.793104894494,12578.29310489503,12565.793104895505,12553.293104895924,12540.793104896291,12528.293104896615,12515.793104896899,12503.293104897148,12490.793104897368,12478.29310489756,12465.79310489773,12453.293104897877,12440.793104898006,12428.293104898119,12415.79310489822,12403.293104898306,12390.793104898383,12378.293104898448,12365.793104898505,12353.293104898554,12340.793104898597,12328.293104898636,12315.793104898668,12303.293104898697,12290.793104898721,12278.293104898741,12265.793104898761,12253.293104898776,12240.793104898788,12228.293104898801,12215.79310489881,12203.29310489882,12190.793104898827,12178.293104898832,12165.793104898838,12153.293104898841,12140.793104898845,12128.293104898847,12115.793104898848,12103.29310489885,12090.79310489885,12078.29310489885,12065.793104898852,12053.293104898854,12040.793104898854,12028.293104898854,12015.793104898854,12003.293104898854,11990.793104898854,11978.293104898854,11965.793104898854,11953.293104898854,11940.793104898854,11928.293104898854,11915.793104898854,11903.293104898854,11890.793104898854,11878.293104898854,11865.793104898854,11853.293104898854,11840.793104898854,11828.293104898854,11815.793104898854,11803.293104898854,11790.793104898854,11778.293104898854,11765.793104898854,11753.293104898854,11740.793104898854,11728.293104898854,11715.793104898854,11703.293104898854,11690.793104898854,11678.293104898854,11665.793104898854,11653.293104898854,11640.793104898854,11628.293104898854,11615.793104898854,11603.293104898854,11590.793104898854,11578.293104898854,11565.793104898854,11553.293104898854,11540.793104898854,11528.293104898854,11515.793104898854,11503.293104898854,11490.793104898854,11478.293104898854,11465.793104898854,11453.293104898854,11440.793104898854,11428.293104898854,11415.793104898854,11403.293104898854,11390.793104898854,11378.293104898854,11365.793104898854,11353.293104898854,11340.793104898854,11328.293104898854,11315.793104898854,11303.293104898854,11290.793104898854,11278.293104898854,11265.793104898854,11253.293104898854,11240.793104898854,11228.293104898854,11215.793104898854,11203.293104898854,11190.793104898854,11178.293104898854,11165.793104898854,11153.293104898854,11140.793104898854,11128.293104898854,11115.793104898854,11103.293104898854,11090.793104898854,11078.293104898854,11065.793104898854,11053.293104898854,11040.793104898854,11028.293104898854,11015.793104898854,11003.293104898854,10990.793104898854,10978.293104898854,10965.793104898854,10953.293104898854,10940.793104898854,10928.293104898854,10915.793104898854,10903.293104898854,10890.793104898854,10878.293104898854,10865.793104898854,10853.293104898854,10840.793104898854,10828.293104898854,10815.793104898854,10803.293104898854,10790.793104898854,10778.293104898854,10765.793104898854,10753.293104898854,10740.793104898854,10728.293104898852,10715.79310489885,10703.293104898847,10690.793104898843,10678.293104898836,10665.793104898825,10653.29310489881,10640.793104898788,10628.29310489876,10615.793104898716,10603.293104898652,10590.793104898563,10578.293104898437,10565.793104898257,10553.293104898003,10540.793104897644,10528.293104897137,10515.793104896418,10503.293104895409,10490.79310489399,10478.293104892002,10465.793104889217,10453.293104885324,10440.793104879896,10428.293104872342,10415.793104861845,10403.293104847286,10390.793104827135,10378.293104799293,10365.793104760902,10353.293104708064,10340.793104635479,10328.293104535958,10315.793104399772,10303.293104213772,10290.793103960228,10278.293103615284,10265.79310314691,10253.29310251219,10240.793101653742,10228.29310049501,10215.793098934071,10203.29309683553,10190.793094019922,10178.293090249881,10165.793085212168,10153.293078494338,10140.79306955454,10128.293057682546,10115.79304194956,10103.29302114377,10090.792993687795,10078.292957533253,10065.792910026434,10053.292847737692,10040.79276624529,10028.292659862387,10015.792521293155,10003.292341200908,9990.792107667356,9978.291805517558,9965.791415479807,9953.290913143319,9940.790267669174,9928.289440201203,9915.7883819134,9903.287031618713,9890.785312850607,9878.283130313503,9865.780365580806,9853.276871899843,9840.772467941344,9828.266930307302,9815.759984585118,9803.251294707985,9790.740450351881,9778.226952068617,9765.71019382281,9753.189442569073,9740.66381447531,9728.132247369758,9715.593468965157,9703.045960394682,9690.48791458326,9677.91718897706,9665.331252165783,9652.727123960016,9640.101308532265,9627.449720298693,9614.767602312275,9602.049437060043,9589.288849710412,9576.47850404329,9563.609991517731,9550.673714189918,9537.658762487776,9524.55278917566,9511.341881199729,9498.01043148619,9484.541013162716,9470.914259078167,9457.108749894502,9443.10091440282,9428.864946055628,9414.372739990831,9399.593855028921,9384.495505232317,9369.042585603253,9353.197736343554,9336.92144978777,9320.172223634961,9302.90676343345,9285.080236411904,9266.646577701531,9247.558848767858,9227.769646486144,9207.231559780179,9185.897669138836,9163.72208267557,9140.6605007592,9116.670799682557,9091.713623416263,9065.75297128794,9038.75676850074,9010.697405823354,8981.552234602497,8951.304003511583,8919.941224184782,8887.458454103251,8853.856486789446,8819.142441492784,8783.329747060085,8746.438017500095,8708.492819776977,8669.525337491077,8629.571937204222,8588.67364711373,8546.875560448201,8504.226178231167,8460.776707832834,8416.5803349235,8371.691486998767,8326.165106540504,8280.055951114395,8233.417936323025,8186.303535601035,8138.763248451007,8090.845145991655,8042.594499754451,7994.053496658578,7945.261040153889,7896.252634774837,7847.060348907062,7797.712848522276,7748.23549305035,7698.650483465528,7648.977052073517,7599.2316833774785,7549.428355729593,7499.578794177609,7449.692725915524,7399.778130959841,7349.841482011425,7299.88796884566,7249.921703926739,7199.945907203914,7149.9630691712755,7099.975092226166,7049.983411127878,6999.9890939345105,6949.992925190354,6899.995473366122,6849.997144643437,6799.9982251101355,6749.998913321875,6699.999345015187,6649.999611551131,6599.9997734475755,6549.999870137691,6499.999926884268,6449.99995959167,6399.999978093832,6349.999988359194,6299.999993941185,6249.999996913782,6199.999998462825,6149.9999992520425,6099.999999644812,6049.99999983556,5999.999999925863,5949.999999967491,5899.999999986153,5849.999999994279,5799.999999997711,5749.999999999114,5699.99999999967,5649.999999999882,5599.99999999996,5549.999999999987,5499.999999999996,5449.999999999999,5400.0,5350.0,5300.0,5250.0,5200.0,5150.0,5100.0,5050.0,5000.0,4950.0,4900.0,4850.0,4800.0,4750.0,4700.0,4650.0,4600.0,4550.0,4500.0,4450.0,4400.0,4350.0,4300.0,4250.0,4200.0,4150.0,4100.0,4050.0,4000.0,3950.0,3900.0,3850.0,3800.0,3750.0,3700.0,3650.0,3600.0,3550.0,3500.0,3450.0,3400.0,3350.0,3300.0,3250.0,3200.0,3150.0,3100.0,3050.0,3000.0,2950.0,2900.0,2850.0,2800.0,2750.0,2700.0,2650.0,2600.0,2550.0,2500.0,2450.0,2400.0,2350.0,2300.0,2250.0,2200.0,2150.0,2100.0,2050.0,2000.0,1950.0,1900.0,1850.0,1800.0,1750.0,1700.0,1650.0,1600.0,1550.0,1500.0,1450.0,1400.0,1350.0,1300.0,1250.0,1200.0,1150.0,1100.0,1050.0,1000.0,950.0,900.0,850.0,800.0,750.0,700.0,650.0,600.0,550.0,500.0,450.0,400.0,350.0,300.0,250.0,200.0,150.0,100.0,50.0,0.0
93,13190.793104603346,13178.29310463424,13165.793104662022,13153.29310468699,13140.793104709423,13128.293104729564,13115.793104747641,13103.293104763856,13090.793104778393,13078.293104791423,13065.793104803091,13053.293104813536,13040.793104822882,13028.293104831242,13015.793104838713,13003.293104845387,12990.793104851346,12978.293104856664,12965.793104861408,12953.293104865636,12940.793104869404,12928.293104872759,12915.793104875744,12903.2931048784,12890.79310488076,12878.293104882858,12865.793104884722,12853.293104886377,12840.793104887844,12828.293104889144,12815.793104890297,12803.293104891318,12790.793104892222,12778.29310489302,12765.793104893728,12753.293104894352,12740.793104894903,12728.293104895389,12715.793104895818,12703.293104896195,12690.793104896527,12678.29310489682,12665.793104897079,12653.293104897304,12640.793104897502,12628.293104897677,12615.79310489783,12603.293104897964,12590.793104898083,12578.293104898186,12565.793104898277,12553.293104898356,12540.793104898425,12528.293104898485,12515.793104898537,12503.293104898583,12490.793104898623,12478.293104898657,12465.793104898687,12453.293104898712,12440.793104898734,12428.293104898754,12415.79310489877,12403.293104898785,12390.793104898796,12378.293104898807,12365.793104898816,12353.293104898823,12340.793104898828,12328.293104898834,12315.79310489884,12303.293104898843,12290.793104898847,12278.293104898848,12265.79310489885,12253.29310489885,12240.79310489885,12228.29310489885,12215.793104898852,12203.293104898854,12190.793104898854,12178.293104898854,12165.793104898854,12153.293104898854,12140.793104898854,12128.293104898854,12115.793104898854,12103.293104898854,12090.793104898854,12078.293104898854,12065.793104898854,12053.293104898854,12040.793104898854,12028.293104898854,12015.793104898854,12003.293104898854,11990.793104898854,11978.293104898854,11965.793104898854,11953.293104898854,11940.793104898854,11928.293104898854,11915.793104898854,11903.293104898854,11890.793104898854,11878.293104898854,11865.793104898854,11853.293104898854,11840.793104898854,11828.293104898854,11815.793104898854,11803.293104898854,11790.793104898854,11778.293104898854,11765.793104898854,11753.293104898854,11740.793104898854,11728.293104898854,11715.793104898854,11703.293104898854,11690.793104898854,11678.293104898854,11665.793104898854,11653.293104898854,11640.793104898854,11628.293104898854,11615.793104898854,11603.293104898854,11590.793104898854,11578.293104898854,11565.793104898854,11553.293104898854,11540.793104898854,11528.293104898854,11515.793104898854,11503.293104898854,11490.793104898854,11478.293104898854,11465.793104898854,11453.293104898854,11440.793104898854,11428.293104898854,11415.793104898854,11403.293104898854,11390.793104898854,11378.293104898854,11365.793104898854,11353.293104898854,11340.793104898854,11328.293104898854,11315.793104898854,11303.293104898854,11290.793104898854,11278.293104898854,11265.793104898854,11253.293104898854,11240.793104898854,11228.293104898854,11215.793104898854,11203.293104898854,11190.793104898854,11178.293104898854,11165.793104898854,11153.293104898854,11140.793104898854,11128.293104898854,11115.793104898854,11103.293104898854,11090.793104898854,11078.293104898854,11065.793104898854,11053.293104898854,11040.793104898854,11028.293104898854,11015.793104898854,11003.293104898854,10990.793104898854,10978.293104898854,10965.793104898854,10953.293104898854,10940.793104898854,10928.293104898854,10915.793104898854,10903.293104898854,10890.793104898854,10878.293104898854,10865.793104898854,10853.293104898854,10840.793104898852,10828.29310489885,10815.793104898848,10803.293104898845,10790.79310489884,10778.29310489883,10765.793104898818,10753.2931048988,10740.793104898774,10728.293104898736,10715.793104898683,10703.293104898608,10690.793104898501,10678.293104898348,10665.793104898134,10653.293104897828,10640.793104897397,10628.293104896791,10615.793104895938,10603.29310489474,10590.793104893059,10578.293104890708,10565.793104887427,10553.29310488285,10540.793104876482,10528.29310486764,10515.793104855382,10503.293104838422,10490.793104814999,10478.293104782713,10465.793104738292,10453.29310467729,10440.793104593677,10428.29310447929,10415.793104323102,10403.293104110246,10390.79310382072,10378.29310342767,10365.79310289511,10353.293102174935,10340.793101202962,10328.293099893734,10315.793098133727,10303.293095772446,10290.79309261082,10278.29308838611,10265.793082752298,10253.293075254714,10240.793065297263,10228.293052100187,10215.793034645834,10203.293011609123,10190.792981268685,10178.2929413936,10165.792889099404,10153.292820665556,10140.792731304678,10128.292614871663,10115.792463498037,10103.292267133687,10090.79201297422,10078.291684747534,10065.791261827711,10053.290718137865,10040.790020795921,10028.289128448523,10015.787989227872,10003.28653825454,9990.78469459568,9978.282357572649,9965.779402294691,9953.275674275877,9940.77098297095,9928.265094042057,9915.75772014277,9903.248509978239,9890.73703537136,9878.222776034732,9865.705101717584,9853.18325136655,9840.656308910291,9828.123175251509,9815.582536027707,9803.032824685655,9790.472180406156,9777.898400417627,9765.308886251994,9752.700583526926,9740.06991488807,9727.412705816125,9714.724103099985,9701.998485901277,9689.229369490276,9676.40930192051,9663.529754130608,9650.581004217926,9637.552016918118,9624.43031964632,9611.201876804866,9597.850964434074,9584.360047668419,9570.70966385065,9556.878314538584,9542.842369999002,9528.575990103502,9514.051065804186,9499.237185552742,9484.101631114654,9468.609407200387,9452.723309168457,9436.40403273366,9419.610329123767,9402.299208459764,9384.426193284566,9365.945623135683,9346.811009859463,9326.975442017396,9306.392035266934,9285.014424047726,9262.797288315272,9239.696907491709,9215.671732307848,9190.682963856496,9164.695128030435,9137.676632644607,9109.600294001273,9080.443819501805,9050.190233180256,9018.828231758014,8986.352460004446,8952.76369582411,8918.068937544966,8882.281388300486,8845.420335108187,8807.51092315629,8768.583828812481,8728.674837847986,8687.824338204893,8646.076739205566,8603.479831297402,8560.0841021466,8515.942026062032,8471.107344291231,8425.634353658965,8379.577220319163,8332.989334097823,8285.92271708125,8238.427497839475,8190.551460077915,8142.339671704824,8093.834197417991,8045.07389508153,7996.094293504482,7946.927546855077,7897.602458935317,7848.144568963573,7798.576289404871,7748.917085759392,7699.1836880532555,7649.390324032995,7599.54896468851,7549.669573647427,7499.7603531172435,7449.8279803189635,7399.877829678086,7349.914177344746,7299.940385843834,7249.9590677609285,7199.972228317942,7149.981387464608,7099.987682703049,7049.991954278221,6999.99481462193,6949.996704053507,6899.997934740891,6849.998724838344,6799.9992245665535,6749.999535811232,6699.999726607276,6649.999841663421,6599.999909879265,6549.999949620838,6499.999972357409,6449.999985123148,6399.999992152464,6349.999995945735,6299.9999979502845,6249.9999989867865,6199.999999510748,6149.999999769453,6099.999999894094,6049.999999952628,5999.999999979392,5949.9999999912925,5899.999999996431,5849.999999998584,5799.999999999457,5749.9999999998,5699.999999999929,5649.999999999976,5599.999999999993,5549.999999999998,5500.0,5450.0,5400.0,5350.0,5300.0,5250.0,5200.0,5150.0,5100.0,5050.0,5000.0,4950.0,4900.0,4850.0,4800.0,4750.0,4700.0,4650.0,4600.0,4550.0,4500.0,4450.0,4400.0,4350.0,4300.0,4250.0,4200.0,4150.0,4100.0,4050.0,4000.0,3950.0,3900.0,3850.0,3800.0,3750.0,3700.0,3650.0,3600.0,3550.0,3500.0,3450.0,3400.0,3350.0,3300.0,3250.0,3200.0,3150.0,3100.0,3050.0,3000.0,2950.0,2900.0,2850.0,2800.0,2750.0,2700.0,2650.0,2600.0,2550.0,2500.0,2450.0,2400.0,2350.0,2300.0,2250.0,2200.0,2150.0,2100.0,2050.0,2000.0,1950.0,1900.0,1850.0,1800.0,1750.0,1700.0,1650.0,1600.0,1550.0,1500.0,1450.0,1400.0,1350.0,1300.0,1250.0,1200.0,1150.0,1100.0,1050.0,1000.0,950.0,900.0,850.0,800.0,750.0,700.0,650.0,600.0,550.0,500.0,450.0,400.0,350.0,300.0,250.0,200.0,150.0,100.0,50.0,0.0
94,13265.793104763954,13253.293104778368,13240.793104791293,13228.293104802884,13215.793104813267,13203.293104822567,13190.793104830891,13178.29310483834,13165.793104845,13153.29310485095,13140.793104856268,13128.293104861017,13115.793104865255,13103.293104869033,13090.793104872402,13078.293104875402,13065.793104878074,13053.293104880451,13040.793104882567,13028.293104884448,13015.793104886117,13003.293104887602,12990.79310488892,12978.29310489009,12965.793104891127,12953.293104892044,12940.793104892857,12928.293104893575,12915.79310489421,12903.293104894772,12890.79310489527,12878.29310489571,12865.793104896098,12853.29310489644,12840.79310489674,12828.293104897006,12815.793104897239,12803.293104897444,12790.793104897624,12778.293104897783,12765.79310489792,12753.293104898043,12740.79310489815,12728.293104898243,12715.793104898326,12703.2931048984,12690.793104898461,12678.293104898516,12665.793104898565,12653.293104898607,12640.793104898643,12628.293104898674,12615.793104898701,12603.293104898723,12590.793104898745,12578.293104898763,12565.793104898778,12553.29310489879,12540.793104898801,12528.29310489881,12515.79310489882,12503.293104898827,12490.793104898834,12478.29310489884,12465.793104898843,12453.293104898847,12440.793104898848,12428.29310489885,12415.79310489885,12403.29310489885,12390.793104898852,12378.293104898854,12365.793104898854,12353.293104898854,12340.793104898854,12328.293104898854,12315.793104898854,12303.293104898854,12290.793104898854,12278.293104898854,12265.793104898854,12253.293104898854,12240.793104898854,12228.293104898854,12215.793104898854,12203.293104898854,12190.793104898854,12178.293104898854,12165.793104898854,12153.293104898854,12140.793104898854,12128.293104898854,12115.793104898854,12103.293104898854,12090.793104898854,12078.293104898854,12065.793104898854,12053.293104898854,12040.793104898854,12028.293104898854,12015.793104898854,12003.293104898854,11990.793104898854,11978.293104898854,11965.793104898854,11953.293104898854,11940.793104898854,11928.293104898854,11915.793104898854,11903.293104898854,11890.793104898854,11878.293104898854,11865.793104898854,11853.293104898854,11840.793104898854,11828.293104898854,11815.793104898854,11803.293104898854,11790.793104898854,11778.293104898854,11765.793104898854,11753.293104898854,11740.793104898854,11728.293104898854,11715.793104898854,11703.293104898854,11690.793104898854,11678.293104898854,11665.793104898854,11653.293104898854,11640.793104898854,11628.293104898854,11615.793104898854,11603.293104898854,11590.793104898854,11578.293104898854,11565.793104898854,11553.293104898854,11540.793104898854,11528.293104898854,11515.793104898854,11503.293104898854,11490.793104898854,11478.293104898854,11465.793104898854,11453.293104898854,11440.793104898854,11428.293104898854,11415.793104898854,11403.293104898854,11390.793104898854,11378.293104898854,11365.793104898854,11353.293104898854,11340.793104898854,11328.293104898854,11315.793104898854,11303.293104898854,11290.793104898854,11278.293104898854,11265.793104898854,11253.293104898854,11240.793104898854,11228.293104898854,11215.793104898854,11203.293104898854,11190.793104898854,11178.293104898854,11165.793104898854,11153.293104898854,11140.793104898854,11128.293104898854,11115.793104898854,11103.293104898854,11090.793104898854,11078.293104898854,11065.793104898854,11053.293104898854,11040.793104898854,11028.293104898854,11015.793104898854,11003.293104898854,10990.793104898854,10978.293104898854,10965.793104898854,10953.293104898854,10940.793104898852,10928.29310489885,10915.793104898847,10903.293104898841,10890.793104898834,10878.293104898823,10865.793104898807,10853.293104898785,10840.793104898754,10828.293104898708,10815.793104898645,10803.293104898554,10790.793104898425,10778.293104898243,10765.793104897984,10753.29310489762,10740.793104897106,10728.293104896384,10715.793104895372,10703.293104893954,10690.79310489197,10678.2931048892,10665.793104885342,10653.293104879978,10640.79310487253,10628.293104862209,10615.793104847935,10603.29310482823,10590.793104801076,10578.29310476373,10565.793104712462,10553.29310464221,10540.79310454613,10528.29310441497,10515.793104236265,10503.293103993241,10490.793103663378,10478.29310321651,10465.793102612299,10453.293101796928,10440.793100698746,10428.293099222556,10415.793097242149,10403.293094590565,10390.793091047402,10378.293086322357,10365.793080033895,10353.293071681679,10340.79306061106,10328.293045967406,10315.793026637548,10303.293001174907,10290.79296770398,10278.292923798837,10265.79286632899,10253.29279126438,10240.792693429357,10228.292566193159,10215.792401081639,10203.292187291612,10190.791911085189,10178.29155503669,10165.791097099162,10153.290509450788,10140.789757073864,10128.288796009863,10115.787571223806,10103.286013999088,10090.784038770304,10078.281539286068,10065.778383976458,10053.274410380267,10040.769418465843,10028.263162655807,10015.755342340664,10003.245590639272,9990.733461135773,9978.218412293305,9965.69978921525,9953.176802395767,9940.64850307395,9928.11375478135,9915.57120065241,9903.019226053311,9890.455916078916,9877.879007472176,9865.285834538197,9852.673268658767,9840.03765106554,9827.374718604156,9814.679522320243,9801.94633882436,9789.168574548738,9776.3386631962,9763.447956902124,9750.486611883736,9737.443469636864,9724.305935055803,9711.059853193488,9697.689386740654,9684.176896676443,9670.502828918814,9656.64561016921,9642.581556487767,9628.284798436951,9613.7272268749,9598.878463646299,9583.705861488414,9568.174537424085,9552.247443733515,9535.885480266645,9519.047651364832,9501.691269996003,9483.77221086824,9465.245213276716,9446.064233268866,9426.18284340205,9405.554676944637,9384.133911871879,9361.875788476824,9338.73715290592,9314.677017496568,9289.657127501428,9263.642522695009,9236.602081533523,9208.509035036612,9179.341437428617,9149.08258085596,9117.721342210116,9085.252451239976,9051.67667072194,9017.000881439433,8981.238067054757,8944.40719656455,8906.533004828616,8867.645674549043,8827.780425941797,8786.977023071111,8745.279208294238,8702.734078383583,8659.391417561597,8615.303003825793,8570.521905504987,8525.101784947943,8479.096225604655,8432.558097550344,8385.538974781524,8338.088615465225,8290.254513849202,8242.08152985893,8193.611599639942,8144.883527575059,8095.932857732128,8046.791820382725,7997.489347260967,7948.051147666857,7898.499836398397,7848.855103833221,7799.13391826157,7749.350750763748,7699.51781347424,7649.6453029154845,7599.741641142459,7549.813708637492,7499.867064157741,7449.9061479965185,7399.93446631495,7349.9547552851545,7299.969124726476,7249.979181692023,7199.986135066105,7149.990882667602,7099.9940826321545,7049.996210986089,6999.997607350248,6949.9985106469885,6899.999086553085,6849.999448267828,6799.999671969102,6749.999808126971,6699.999889646667,6649.999937629913,6599.999965380561,6549.999981140284,6499.999989923159,6449.99999472317,6399.999997293877,6349.99999864202,6299.999999333755,6249.999999680724,6199.999999850699,6149.999999931944,6099.999999969796,6049.999999986963,5999.999999994536,5949.999999997779,5899.999999999126,5849.999999999668,5799.999999999879,5749.999999999958,5699.999999999986,5649.999999999996,5599.999999999999,5550.0,5500.0,5450.0,5400.0,5350.0,5300.0,5250.0,5200.0,5150.0,5100.0,5050.0,5000.0,4950.0,4900.0,4850.0,4800.0,4750.0,4700.0,4650.0,4600.0,4550.0,4500.0,4450.0,4400.0,4350.0,4300.0,4250.0,4200.0,4150.0,4100.0,4050.0,4000.0,3950.0,3900.0,3850.0,3800.0,3750.0,3700.0,3650.0,3600.0,3550.0,3500.0,3450.0,3400.0,3350.0,3300.0,3250.0,3200.0,3150.0,3100.0,3050.0,3000.0,2950.0,2900.0,2850.0,2800.0,2750.0,2700.0,2650.0,2600.0,2550.0,2500.0,2450.0,2400.0,2350.0,2300.0,2250.0,2200.0,2150.0,2100.0,2050.0,2000.0,1950.0,1900.0,1850.0,1800.0,1750.0,1700.0,1650.0,1600.0,1550.0,1500.0,1450.0,1400.0,1350.0,1300.0,1250.0,1200.0,1150.0,1100.0,1050.0,1000.0,950.0,900.0,850.0,800.0,750.0,700.0,650.0,600.0,550.0,500.0,450.0,400.0,350.0,300.0,250.0,200.0,150.0,100.0,50.0,0.0
95,13340.793104838083,13328.293104844717,13315.793104850653,13303.293104855959,13290.7931048607,13278.293104864937,13265.79310486872,13253.293104872097,13240.793104875107,13228.293104877792,13215.793104880182,13203.29310488231,13190.793104884204,13178.29310488589,13165.793104887387,13153.293104888719,13140.793104889899,13128.293104890949,13115.793104891878,13103.293104892702,13090.793104893433,13078.29310489408,13065.793104894654,13053.293104895161,13040.793104895609,13028.293104896004,13015.793104896353,13003.29310489666,12990.793104896933,12978.293104897173,12965.793104897384,12953.29310489757,12940.793104897733,12928.293104897877,12915.793104898003,12903.293104898114,12890.79310489821,12878.293104898295,12865.79310489837,12853.293104898436,12840.793104898494,12828.293104898545,12815.793104898588,12803.293104898627,12790.79310489866,12778.293104898688,12765.793104898714,12753.293104898736,12740.793104898754,12728.29310489877,12715.793104898785,12703.293104898796,12690.793104898807,12678.293104898816,12665.793104898823,12653.293104898828,12640.793104898834,12628.29310489884,12615.793104898843,12603.293104898847,12590.793104898848,12578.29310489885,12565.79310489885,12553.293104898852,12540.793104898854,12528.293104898854,12515.793104898854,12503.293104898854,12490.793104898854,12478.293104898854,12465.793104898854,12453.293104898854,12440.793104898854,12428.293104898854,12415.793104898854,12403.293104898854,12390.793104898854,12378.293104898854,12365.793104898854,12353.293104898854,12340.793104898854,12328.293104898854,12315.793104898854,12303.293104898854,12290.793104898854,12278.293104898854,12265.793104898854,12253.293104898854,12240.793104898854,12228.293104898854,12215.793104898854,12203.293104898854,12190.793104898854,12178.293104898854,12165.793104898854,12153.293104898854,12140.793104898854,12128.293104898854,12115.793104898854,12103.293104898854,12090.793104898854,12078.293104898854,12065.793104898854,12053.293104898854,12040.793104898854,12028.293104898854,12015.793104898854,12003.293104898854,11990.793104898854,11978.293104898854,11965.793104898854,11953.293104898854,11940.793104898854,11928.293104898854,11915.793104898854,11903.293104898854,11890.793104898854,11878.293104898854,11865.793104898854,11853.293104898854,11840.793104898854,11828.293104898854,11815.793104898854,11803.293104898854,11790.793104898854,11778.293104898854,11765.793104898854,11753.293104898854,11740.793104898854,11728.293104898854,11715.793104898854,11703.293104898854,11690.793104898854,11678.293104898854,11665.793104898854,11653.293104898854,11640.793104898854,11628.293104898854,11615.793104898854,11603.293104898854,11590.793104898854,11578.293104898854,11565.793104898854,11553.293104898854,11540.793104898854,11528.293104898854,11515.793104898854,11503.293104898854,11490.793104898854,11478.293104898854,11465.793104898854,11453.293104898854,11440.793104898854,11428.293104898854,11415.793104898854,11403.293104898854,11390.793104898854,11378.293104898854,11365.793104898854,11353.293104898854,11340.793104898854,11328.293104898854,11315.793104898854,11303.293104898854,11290.793104898854,11278.293104898854,11265.793104898854,11253.293104898854,11240.793104898854,11228.293104898854,11215.793104898854,11203.293104898854,11190.793104898854,11178.293104898854,11165.793104898854,11153.293104898854,11140.793104898854,11128.293104898854,11115.793104898854,11103.293104898854,11090.793104898854,11078.293104898854,11065.793104898854,11053.293104898852,11040.79310489885,11028.293104898847,11015.793104898843,11003.293104898838,10990.793104898828,10978.293104898814,10965.793104898796,10953.293104898768,10940.79310489873,10928.293104898676,10915.7931048986,10903.29310489849,10890.793104898334,10878.293104898115,10865.793104897808,10853.293104897373,10840.793104896764,10828.293104895907,10815.79310489471,10803.293104893037,10790.793104890701,10778.293104887449,10765.793104882927,10753.293104876653,10740.793104867964,10728.293104855951,10715.793104839373,10703.293104816537,10690.79310478514,10678.29310474205,10665.793104683024,10653.293104602315,10640.793104492168,10628.293104342127,10615.793104138123,10603.293103861277,10590.793103486289,10578.293102979334,10565.79310229529,10553.293101374073,10540.793100135847,10528.293098474765,10515.793096250785,10503.293093279013,10490.793089315877,10478.29308404119,10465.793077034978,10453.293067747598,10440.793055461301,10428.293039240925,10415.79301787079,10403.292989774176,10390.792952910804,10378.2929046467,10365.79284158942,10353.292759380001,10340.792652431013,10328.292513597646,10315.792333765934,10303.29210133871,10290.791801595782,10278.291415899952,10265.790920714713,10253.290286392734,10240.789475686308,10228.288441921828,10215.787126769792,10203.28545752972,10190.783343835636,10178.280673672183,10165.777308574063,10153.273077862057,10140.767771747654,10128.261133115044,10115.752847764245,10103.242532872682,10090.7297234047,10078.213856170129,10065.694251204484,10053.170090115666,10040.64039101608,10028.103979636395,10015.55945619884,10003.00515761633,9990.43911458025,9977.859003107187,9965.26209013546,9952.645172798746,9940.004511059295,9927.335753459824,9914.633855854107,9901.892993104058,9889.106463887874,9876.266588951386,9863.364603354035,9850.390543511869,9837.333130121613,9824.179648359492,9810.915827082117,9797.525719108431,9783.991585023376,9770.293783306097,9756.41066993575,9742.31851095269,9727.99141173617,9713.40126698457,9698.51773553219,9683.308244189482,9667.738024732666,9651.770187976916,9635.365838529744,9618.484233325973,9601.0829863853,9583.11832140577,9564.545372815535,9545.318534762831,9525.391856248945,9504.719479229027,9483.256115056003,9460.95755316737,9437.781194462863,9413.6866004489,9388.63604799188,9362.595078487193,9335.53302947296,9307.42353625091,9278.244990968295,9247.98094689998,9216.620456371342,9184.158331886723,9150.595321563329,9115.938191886682,9080.199713051425,9043.398544663418,9005.559022272078,8966.710847979606,8926.888691130596,8886.13170771215,8844.482989482502,8801.98895589389,8758.698703493543,8714.663328603503,8669.935239645409,8624.567475465024,8578.61304542506,8532.124305902174,8485.152386199694,8437.746674849044,8389.954374916562,8341.8201343679,8293.385754886598,8244.689979914267,8195.76836018859,8146.6531928021195,8097.373527872111,8047.955235361495,7998.421123462023,7948.791099257191,7899.082362115983,7849.309620398745,7799.48532253592,7749.619894308092,7699.721975141943,7649.798647368403,7599.855653594346,7549.897598551202,7499.928132944662,7449.950117892806,7399.96576947066,7349.976783656165,7299.984442585854,7249.989703479685,7199.993271893265,7149.995661118928,7099.997239605701,7049.998268225313,6999.9989291003785,6949.999347553769,6899.9996085544535,6849.99976884108,6799.999865713058,6749.999923299145,6699.999956951622,6649.9999762733305,6599.9999871661,6549.9999931919165,6499.999996460674,6449.999998198178,6399.999999102481,6349.999999562941,6299.999999792128,6249.999999903532,6199.999999956364,6149.999999980783,6099.999999991771,6049.9999999965785,5999.99999999862,5949.999999999462,5899.999999999798,5849.999999999927,5799.999999999975,5749.999999999993,5699.999999999998,5650.0,5600.0,5550.0,5500.0,5450.0,5400.0,5350.0,5300.0,5250.0,5200.0,5150.0,5100.0,5050.0,5000.0,4950.0,4900.0,4850.0,4800.0,4750.0,4700.0,4650.0,4600.0,4550.0,4500.0,4450.0,4400.0,4350.0,4300.0,4250.0,4200.0,4150.0,4100.0,4050.0,4000.0,3950.0,3900.0,3850.0,3800.0,3750.0,3700.0,3650.0,3600.0,3550.0,3500.0,3450.0,3400.0,3350.0,3300.0,3250.0,3200.0,3150.0,3100.0,3050.0,3000.0,2950.0,2900.0,2850.0,2800.0,2750.0,2700.0,2650.0,2600.0,2550.0,2500.0,2450.0,2400.0,2350.0,2300.0,2250.0,2200.0,2150.0,2100.0,2050.0,2000.0,1950.0,1900.0,1850.0,1800.0,1750.0,1700.0,1650.0,1600.0,1550.0,1500.0,1450.0,1400.0,1350.0,1300.0,1250.0,1200.0,1150.0,1100.0,1050.0,1000.0,950.0,900.0,850.0,800.0,750.0,700.0,650.0,600.0,550.0,500.0,450.0,400.0,350.0,300.0,250.0,200.0,150.0,100.0,50.0,0.0
96,13415.793104871844,13403.293104874856,13390.793104877544,13378.293104879942,13365.793104882081,13353.293104883986,13340.79310488568,13328.293104887189,13315.793104888531,13303.293104889724,13290.793104890785,13278.293104891727,13265.793104892562,13253.293104893302,13240.793104893959,13228.29310489454,13215.793104895056,13203.293104895512,13190.793104895916,13178.293104896273,13165.793104896587,13153.293104896864,13140.79310489711,13128.293104897326,13115.793104897517,13103.293104897684,13090.793104897833,13078.293104897964,13065.793104898079,13053.293104898179,13040.793104898266,13028.293104898345,13015.793104898412,13003.293104898472,12990.793104898525,12978.29310489857,12965.79310489861,12953.293104898645,12940.793104898676,12928.293104898701,12915.793104898725,12903.293104898745,12890.793104898763,12878.293104898778,12865.79310489879,12853.293104898801,12840.79310489881,12828.29310489882,12815.793104898827,12803.293104898834,12790.79310489884,12778.293104898843,12765.793104898847,12753.293104898848,12740.79310489885,12728.29310489885,12715.79310489885,12703.293104898852,12690.793104898854,12678.293104898854,12665.793104898854,12653.293104898854,12640.793104898854,12628.293104898854,12615.793104898854,12603.293104898854,12590.793104898854,12578.293104898854,12565.793104898854,12553.293104898854,12540.793104898854,12528.293104898854,12515.793104898854,12503.293104898854,12490.793104898854,12478.293104898854,12465.793104898854,12453.293104898854,12440.793104898854,12428.293104898854,12415.793104898854,12403.293104898854,12390.793104898854,12378.293104898854,12365.793104898854,12353.293104898854,12340.793104898854,12328.293104898854,12315.793104898854,12303.293104898854,12290.793104898854,12278.293104898854,12265.793104898854,12253.293104898854,12240.793104898854,12228.293104898854,12215.793104898854,12203.293104898854,12190.793104898854,12178.293104898854,12165.793104898854,12153.293104898854,12140.793104898854,12128.293104898854,12115.793104898854,12103.293104898854,12090.793104898854,12078.293104898854,12065.793104898854,12053.293104898854,12040.793104898854,12028.293104898854,12015.793104898854,12003.293104898854,11990.793104898854,11978.293104898854,11965.793104898854,11953.293104898854,11940.793104898854,11928.293104898854,11915.793104898854,11903.293104898854,11890.793104898854,11878.293104898854,11865.793104898854,11853.293104898854,11840.793104898854,11828.293104898854,11815.793104898854,11803.293104898854,11790.793104898854,11778.293104898854,11765.793104898854,11753.293104898854,11740.793104898854,11728.293104898854,11715.793104898854,11703.293104898854,11690.793104898854,11678.293104898854,11665.793104898854,11653.293104898854,11640.793104898854,11628.293104898854,11615.793104898854,11603.293104898854,11590.793104898854,11578.293104898854,11565.793104898854,11553.293104898854,11540.793104898854,11528.293104898854,11515.793104898854,11503.293104898854,11490.793104898854,11478.293104898854,11465.793104898854,11453.293104898854,11440.793104898854,11428.293104898854,11415.793104898854,11403.293104898854,11390.793104898854,11378.293104898854,11365.793104898854,11353.293104898854,11340.793104898854,11328.293104898854,11315.793104898854,11303.293104898854,11290.793104898854,11278.293104898854,11265.793104898854,11253.293104898854,11240.793104898854,11228.293104898854,11215.793104898854,11203.293104898854,11190.793104898854,11178.293104898854,11165.793104898852,11153.29310489885,11140.793104898848,11128.293104898845,11115.79310489884,11103.293104898832,11090.793104898821,11078.293104898805,11065.793104898781,11053.293104898748,11040.793104898703,11028.293104898637,11015.793104898545,11003.293104898414,10990.793104898228,10978.293104897966,10965.7931048976,10953.293104897086,10940.793104896362,10928.29310489535,10915.793104893939,10903.293104891969,10890.793104889228,10878.293104885417,10865.793104880133,10853.293104872817,10840.793104862707,10828.293104848759,10815.793104829554,10803.293104803157,10790.79310476694,10778.293104717342,10765.793104649545,10753.29310455704,10740.793104431059,10728.293104259803,10715.793104027438,10703.293103712747,10690.793103287371,10678.293102713465,10665.793101940642,10653.293100901952,10640.793099508614,10628.293097643153,10615.793095150459,10603.293091826152,10590.793087401516,10578.29308152402,10565.793073732162,10553.293063423134,10540.793049811291,10528.293031874986,10515.793008288672,10503.29297733642,10490.792936802049,10478.29288382992,10465.792814749033,10453.292724851366,10440.79260811331,10428.292456846619,10415.792261262224,10403.292008926805,10390.791684087675,10378.291266836643,10365.790732077503,10353.290048255054,10340.789175795395,10328.288065198056,10315.786654709806,10303.284867497783,10290.782608225774,10278.279758921826,10265.776174008017,10253.27167434385,10240.76604011364,10228.259002365223,10215.75023298279,10203.239332850535,10190.725817936827,10178.209103000972,10165.688482597243,10153.163109024357,10140.63196684423,10128.093843572797,10115.547296129513,10102.99061262263,10090.421769046421,10077.838380476514,10065.237646372781,10052.616289638376,10039.970489141293,10027.29580548384,10014.587099908385,10001.838446356947,9989.043036859788,9976.193080615518,9963.279697343161,9950.292805734936,9937.221008115837,9924.051472719808,9910.769815318003,9897.359982276515,9883.804137470914,9870.082555833396,9856.173526643419,9842.053269980739,9827.695870025727,9813.073229098763,9798.155046461357,9782.908825938146,9767.299916344102,9751.291588498723,9734.845152264783,9717.92011655265,9700.474394575558,9682.464555825143,9663.846125264987,9644.573929124206,9624.602485432877,9603.886436102923,9582.3810159569,9560.042552684772,9536.828990313541,9512.700427459713,9487.619660456563,9461.552720464228,9434.469392936573,9406.343707385953,9377.154385298949,9346.885234346986,9315.525477725678,9283.070008551374,9249.519560731409,9214.880789576095,9179.166257588859,9142.394323291035,9104.588933530646,9065.779322397872,9025.999622523665,8985.288397067723,8943.68810300485,8901.244498297548,8858.006007112595,8814.023058331299,8769.347413169053,8724.031497734602,8678.127755823796,8631.688036182568,8584.763026940074,8537.401747977974,8489.651109756254,8441.555544663464,8393.156714410366,8344.493294452834,8295.600834019071,8246.511688123876,8197.25501605916,8147.8568393162,8098.340150760289,8048.725066159083,7999.029008856143,7949.266918455096,7899.4514747942085,7849.593329189673,7799.701335843425,7749.7827773787585,7699.843579615574,7649.888511862744,7599.921370131142,7549.945141711081,7499.962150477501,7449.974183062197,7399.982596653734,7349.988409651303,7299.992376716752,7249.995049953819,7199.996828014374,7149.99799490982,7099.9987502139375,7049.999232202563,6999.999535304747,6949.999723055726,6899.999837556998,6849.999906272915,6799.9999468327715,6749.999970366397,6699.999983781172,6649.999991289013,6599.999995411927,6549.999997631936,6499.999998803198,6449.999999408217,6399.999999713955,6349.999999864967,6299.999999937807,6249.999999972082,6199.9999999878,6149.999999994816,6099.999999997862,6049.999999999145,5999.999999999669,5949.999999999877,5899.999999999956,5849.999999999985,5799.999999999996,5749.999999999999,5700.0,5650.0,5600.0,5550.0,5500.0,5450.0,5400.0,5350.0,5300.0,5250.0,5200.0,5150.0,5100.0,5050.0,5000.0,4950.0,4900.0,4850.0,4800.0,4750.0,4700.0,4650.0,4600.0,4550.0,4500.0,4450.0,4400.0,4350.0,4300.0,4250.0,4200.0,4150.0,4100.0,4050.0,4000.0,3950.0,3900.0,3850.0,3800.0,3750.0,3700.0,3650.0,3600.0,3550.0,3500.0,3450.0,3400.0,3350.0,3300.0,3250.0,3200.0,3150.0,3100.0,3050.0,3000.0,2950.0,2900.0,2850.0,2800.0,2750.0,2700.0,2650.0,2600.0,2550.0,2500.0,2450.0,2400.0,2350.0,2300.0,2250.0,2200.0,2150.0,2100.0,2050.0,2000.0,1950.0,1900.0,1850.0,1800.0,1750.0,1700.0,1650.0,1600.0,1550.0,1500.0,1450.0,1400.0,1350.0,1300.0,1250.0,1200.0,1150.0,1100.0,1050.0,1000.0,950.0,900.0,850.0,800.0,750.0,700.0,650.0,600.0,550.0,500.0,450.0,400.0,350.0,300.0,250.0,200.0,150.0,100.0,50.0,0.0
97,13490.793104887012,13478.293104888364,13465.793104889566,13453.293104890636,13440.793104891585,13428.29310489243,13415.793104893179,13403.293104893844,13390.793104894436,13378.29310489496,13365.793104895423,13353.293104895834,13340.793104896198,13328.293104896518,13315.793104896802,13303.293104897053,13290.793104897275,13278.293104897471,13265.793104897644,13253.293104897795,13240.79310489793,13228.293104898048,13215.793104898152,13203.293104898243,13190.793104898323,13178.293104898392,13165.793104898454,13153.293104898508,13140.793104898556,13128.293104898596,13115.793104898634,13103.293104898665,13090.793104898694,13078.293104898718,13065.793104898738,13053.293104898756,13040.79310489877,13028.293104898785,13015.793104898796,13003.293104898807,12990.793104898816,12978.293104898823,12965.793104898828,12953.293104898834,12940.79310489884,12928.293104898843,12915.793104898847,12903.293104898848,12890.79310489885,12878.29310489885,12865.793104898852,12853.293104898854,12840.793104898854,12828.293104898854,12815.793104898854,12803.293104898854,12790.793104898854,12778.293104898854,12765.793104898854,12753.293104898854,12740.793104898854,12728.293104898854,12715.793104898854,12703.293104898854,12690.793104898854,12678.293104898854,12665.793104898854,12653.293104898854,12640.793104898854,12628.293104898854,12615.793104898854,12603.293104898854,12590.793104898854,12578.293104898854,12565.793104898854,12553.293104898854,12540.793104898854,12528.293104898854,12515.793104898854,12503.293104898854,12490.793104898854,12478.293104898854,12465.793104898854,12453.293104898854,12440.793104898854,12428.293104898854,12415.793104898854,12403.293104898854,12390.793104898854,12378.293104898854,12365.793104898854,12353.293104898854,12340.793104898854,12328.293104898854,12315.793104898854,12303.293104898854,12290.793104898854,12278.293104898854,12265.793104898854,12253.293104898854,12240.793104898854,12228.293104898854,12215.793104898854,12203.293104898854,12190.793104898854,12178.293104898854,12165.793104898854,12153.293104898854,12140.793104898854,12128.293104898854,12115.793104898854,12103.293104898854,12090.793104898854,12078.293104898854,12065.793104898854,12053.293104898854,12040.793104898854,12028.293104898854,12015.793104898854,12003.293104898854,11990.793104898854,11978.293104898854,11965.793104898854,11953.293104898854,11940.793104898854,11928.293104898854,11915.793104898854,11903.293104898854,11890.793104898854,11878.293104898854,11865.793104898854,11853.293104898854,11840.793104898854,11828.293104898854,11815.793104898854,11803.293104898854,11790.793104898854,11778.293104898854,11765.793104898854,11753.293104898854,11740.793104898854,11728.293104898854,11715.793104898854,11703.293104898854,11690.793104898854,11678.293104898854,11665.793104898854,11653.293104898854,11640.793104898854,11628.293104898854,11615.793104898854,11603.293104898854,11590.793104898854,11578.293104898854,11565.793104898854,11553.293104898854,11540.793104898854,11528.293104898854,11515.793104898854,11503.293104898854,11490.793104898854,11478.293104898854,11465.793104898854,11453.293104898854,11440.793104898854,11428.293104898854,11415.793104898854,11403.293104898854,11390.793104898854,11378.293104898854,11365.793104898854,11353.293104898854,11340.793104898854,11328.293104898854,11315.793104898854,11303.293104898854,11290.793104898854,11278.293104898854,11265.793104898852,11253.29310489885,11240.793104898847,11228.293104898843,11215.793104898836,11203.293104898827,11190.793104898814,11178.293104898794,11165.793104898767,11153.293104898727,11140.79310489867,11128.293104898592,11115.79310489848,11103.293104898323,11090.793104898103,11078.293104897792,11065.793104897357,11053.293104896748,11040.793104895893,11028.293104894701,11015.79310489304,11003.293104890729,10990.793104887518,10978.293104883069,10965.793104876908,10953.293104868399,10940.793104856664,10928.293104840512,10915.793104818318,10903.293104787877,10890.793104746203,10878.293104689248,10865.793104611557,10853.293104505772,10840.793104362,10828.293104166958,10815.793103902855,10803.293103545906,10790.793103064374,10778.293102416003,10765.793101544634,10753.293100375804,10740.793098810966,10728.293096719979,10715.793093931343,10703.293090219533,10690.793085288606,10678.29307875106,10665.7930701006,10653.29305867718,10640.793043622196,10628.293023821258,10615.792997831226,10603.292963787466,10590.792919286261,10578.292861236103,10565.792785670159,10553.292687510399,10540.792560271766,10528.292395692166,10515.792183271024,10503.29190969543,10490.791558128636,10478.29110733047,10465.790530573264,10453.289794309887,10440.788856542273,10428.287664829493,10415.786153863592,10403.284242529127,10390.781830348451,10378.278793199119,10365.774978172463,10353.270197423099,10340.764220838182,10328.256767332514,10315.747494551386,10303.235986737549,10290.721740492309,10278.204148134082,10265.682478331339,10253.155853661705,10240.623224726169,10228.08334042798,10215.53471401173,10202.975584450662,10190.403872771813,10177.817132920994,10165.212496795568,10152.58661311462,10139.935579856457,10127.254870074537,10114.539251007782,10101.782696531724,10088.978293155062,10076.118139953178,10063.19324304657,10050.193405477621,10037.107113612083,10023.921421489229,10010.62183486262,9997.192197005434,9983.614578692865,9969.869175109214,9955.934212747514,9941.785869661631,9927.398212679846,9912.743155378952,9897.790440732177,9882.507652365592,9866.860258269826,9850.811690601506,9834.323464858911,9817.3553412191,9799.865530173416,9781.810943794182,9763.147493012808,9743.830430200473,9723.814735135957,9703.055541147707,9681.508596862539,9659.130757622155,9635.88049928741,9611.718445890046,9586.607901466552,9560.515375473393,9533.411090490223,9505.269460516218,9476.06952809586,9445.795348805768,9414.436312312588,9381.987390278191,9348.449302830704,9313.828597110034,9278.137633488659,9241.394477401223,9203.62269721359,9164.851071136145,9125.113208741644,9084.447095085416,9042.894567647167,9000.50073822661,8957.31337344837,8913.382248599191,8868.758490085787,8823.493921840276,8777.6404305115,8731.249363288396,8684.370970752996,8637.053905323424,8589.344783706776,8541.28781943558,8492.924529114905,8444.293513566347,8395.430312722327,8346.36733099182,8297.133827964566,8247.755967805257,8198.256919551352,8148.656999786503,8098.973848812714,8049.222631466345,7999.4162540765465,7949.565589697996,7899.679704601784,7849.766080013894,7799.830824184362,7749.878870989966,7699.914162364359,7649.939812865974,7599.958255600805,7549.9713694905295,7499.980588503558,7449.986993944918,7399.991391236102,7349.9943728209,7299.996368925047,7249.997687896275,7199.998547778177,7149.999100646535,7099.999451079132,7049.999669955701,6999.999804606655,6949.999886157584,6899.999934758171,6849.999963243426,6799.99997965408,6749.999988941761,6699.999994102351,6649.999996915687,6599.9999984194465,6549.999999206957,6499.999999610717,6449.999999813217,6399.999999912479,6349.999999959991,6299.999999982177,6249.999999992271,6199.999999996741,6149.999999998667,6099.999999999471,6049.999999999797,5999.999999999925,5949.9999999999745,5899.999999999992,5849.999999999998,5800.0,5750.0,5700.0,5650.0,5600.0,5550.0,5500.0,5450.0,5400.0,5350.0,5300.0,5250.0,5200.0,5150.0,5100.0,5050.0,5000.0,4950.0,4900.0,4850.0,4800.0,4750.0,4700.0,4650.0,4600.0,4550.0,4500.0,4450.0,4400.0,4350.0,4300.0,4250.0,4200.0,4150.0,4100.0,4050.0,4000.0,3950.0,3900.0,3850.0,3800.0,3750.0,3700.0,3650.0,3600.0,3550.0,3500.0,3450.0,3400.0,3350.0,3300.0,3250.0,3200.0,3150.0,3100.0,3050.0,3000.0,2950.0,2900.0,2850.0,2800.0,2750.0,2700.0,2650.0,2600.0,2550.0,2500.0,2450.0,2400.0,2350.0,2300.0,2250.0,2200.0,2150.0,2100.0,2050.0,2000.0,1950.0,1900.0,1850.0,1800.0,1750.0,1700.0,1650.0,1600.0,1550.0,1500.0,1450.0,1400.0,1350.0,1300.0,1250.0,1200.0,1150.0,1100.0,1050.0,1000.0,950.0,900.0,850.0,800.0,750.0,700.0,650.0,600.0,550.0,500.0,450.0,400.0,350.0,300.0,250.0,200.0,150.0,100.0,50.0,0.0
98,13565.793104893743,13553.29310489434,13540.79310489487,13528.29310489534,13515.793104895756,13503.293104896125,13490.793104896453,13478.293104896742,13465.793104896999,13453.293104897224,13440.793104897424,13428.2931048976,13415.793104897755,13403.293104897893,13390.793104898015,13378.29310489812,13365.793104898215,13353.293104898297,13340.79310489837,13328.293104898434,13315.79310489849,13303.29310489854,13290.793104898583,13278.293104898621,13265.793104898654,13253.293104898683,13240.793104898708,13228.29310489873,13215.79310489875,13203.293104898767,13190.793104898781,13178.293104898794,13165.793104898805,13153.293104898814,13140.793104898821,13128.293104898827,13115.793104898834,13103.29310489884,13090.793104898843,13078.293104898847,13065.793104898848,13053.29310489885,13040.79310489885,13028.29310489885,13015.793104898852,13003.293104898854,12990.793104898854,12978.293104898854,12965.793104898854,12953.293104898854,12940.793104898854,12928.293104898854,12915.793104898854,12903.293104898854,12890.793104898854,12878.293104898854,12865.793104898854,12853.293104898854,12840.793104898854,12828.293104898854,12815.793104898854,12803.293104898854,12790.793104898854,12778.293104898854,12765.793104898854,12753.293104898854,12740.793104898854,12728.293104898854,12715.793104898854,12703.293104898854,12690.793104898854,12678.293104898854,12665.793104898854,12653.293104898854,12640.793104898854,12628.293104898854,12615.793104898854,12603.293104898854,12590.793104898854,12578.293104898854,12565.793104898854,12553.293104898854,12540.793104898854,12528.293104898854,12515.793104898854,12503.293104898854,12490.793104898854,12478.293104898854,12465.793104898854,12453.293104898854,12440.793104898854,12428.293104898854,12415.793104898854,12403.293104898854,12390.793104898854,12378.293104898854,12365.793104898854,12353.293104898854,12340.793104898854,12328.293104898854,12315.793104898854,12303.293104898854,12290.793104898854,12278.293104898854,12265.793104898854,12253.293104898854,12240.793104898854,12228.293104898854,12215.793104898854,12203.293104898854,12190.793104898854,12178.293104898854,12165.793104898854,12153.293104898854,12140.793104898854,12128.293104898854,12115.793104898854,12103.293104898854,12090.793104898854,12078.293104898854,12065.793104898854,12053.293104898854,12040.793104898854,12028.293104898854,12015.793104898854,12003.293104898854,11990.793104898854,11978.293104898854,11965.793104898854,11953.293104898854,11940.793104898854,11928.293104898854,11915.793104898854,11903.293104898854,11890.793104898854,11878.293104898854,11865.793104898854,11853.293104898854,11840.793104898854,11828.293104898854,11815.793104898854,11803.293104898854,11790.793104898854,11778.293104898854,11765.793104898854,11753.293104898854,11740.793104898854,11728.293104898854,11715.793104898854,11703.293104898854,11690.793104898854,11678.293104898854,11665.793104898854,11653.293104898854,11640.793104898854,11628.293104898854,11615.793104898854,11603.293104898854,11590.793104898854,11578.293104898854,11565.793104898854,11553.293104898854,11540.793104898854,11528.293104898854,11515.793104898854,11503.293104898854,11490.793104898854,11478.293104898854,11465.793104898854,11453.293104898854,11440.793104898854,11428.293104898854,11415.793104898854,11403.293104898854,11390.793104898854,11378.293104898852,11365.79310489885,11353.293104898848,11340.793104898845,11328.29310489884,11315.793104898832,11303.29310489882,11290.793104898803,11278.293104898781,11265.793104898747,11253.2931048987,11240.793104898632,11228.293104898537,11215.793104898405,11203.293104898217,11190.793104897955,11178.293104897588,11165.793104897071,11153.293104896351,11140.793104895347,11128.293104893944,11115.793104891996,11103.293104889291,11090.793104885543,11078.293104880357,11065.793104873195,11053.293104863322,11040.793104849738,11028.293104831078,11015.793104805492,11003.293104770471,10990.793104722625,10978.293104657372,10965.793104568542,10953.293104447836,10940.793104284112,10928.293104062453,10915.793103762908,10903.293103358857,10890.79310281486,10878.293102083813,10865.793101103252,10853.293099790504,10840.793098036374,10828.293095696945,10815.793092582924,10803.29308844587,10790.793082960397,10778.293075701264,10765.793066113922,10753.293053476786,10740.79303685297,10728.29301502876,10715.792986435323,10703.292949049388,10690.792900267548,10678.29283674763,10665.792754208998,10653.292647181894,10640.79250869363,10628.292329876862,10615.792099481956,10603.291803271746,10590.791423272467,10578.290936849504,10565.790315570372,10553.289523810272,10540.788517047282,10528.287239784677,10515.78562302708,10503.283581224667,10490.78100858574,10478.277774642353,10465.773718936252,10453.268644673388,10440.762311174312,10428.254424925528,10415.744629012874,10403.232490693234,10390.717486835083,10378.198986932617,10365.676233372928,10353.148318611771,10340.614158892204,10328.072464122704,10315.52170351924,10302.9600666105,10290.385419209268,10277.795253967874,10265.186635163936,10252.55613740688,10239.899778018193,10227.212942921764,10214.49030598707,10201.725741899605,10188.912232791427,10176.041769051128,10163.105244947192,10150.092349941206,10136.99145683584,10123.789508194059,10110.471902776037,10097.022384062842,10083.422933263064,10069.653669520692,10055.69276034852,10041.516345587825,10027.098478428134,10012.411087194636,9997.423961709424,9982.104768039895,9966.419095347615,9950.33053832964,9933.800818389454,9916.789946177403,9899.256427495893,9881.157513772687,9862.449497371956,9843.08805094973,9823.028608886649,9802.226787572823,9780.63884000969,9758.222138871672,9734.935680880804,9710.740604139455,9685.6007089915,9659.482972092956,9632.358042719357,9604.200709965322,9574.990329440421,9544.711198364626,9513.352868633392,9480.910388461016,9447.384464609446,9412.7815389407,9377.113775050697,9340.39895299136,9302.66027249406,9263.926067586897,9224.229437960203,9183.60780478426,9142.102400826878,9099.75770656834,9056.620845489511,9012.740952752412,8968.168532056454,8922.954815513718,8877.151140941649,8830.808360043024,8783.976289574548,8736.7032158607,8689.035460968402,8641.01701661338,8592.689249519983,8544.090679604384,8495.256830093862,8446.220146621377,8397.00998052043,8347.65263004904,8298.171432133517,8248.586896461777,8198.9168733722,8149.176746957896,8099.379645103078,8049.536658739809,7999.657063403072,7949.748537108149,7899.817369614516,7849.868659215138,7799.906494245914,7749.93411750186,7699.954072639362,7649.968332412749,7599.978409224692,7549.985448958853,7499.990309414149,7449.99362488338,7399.9958585306595,7349.997344240419,7299.998319555791,7249.998951215306,7199.999354652436,7149.999608658336,7099.999766237541,7049.999862519379,6999.999920432104,6949.999954706624,6899.999974655077,6849.9999860667285,6799.999992479378,6749.999996016995,6699.999997931639,6649.999998947591,6599.9999994757345,6549.999999744512,6499.999999878308,6449.9999999433985,6399.999999974318,6349.999999988645,6299.999999995113,6249.9999999979555,6199.9999999991705,6149.9999999996735,6099.999999999876,6049.999999999955,5999.999999999985,5949.999999999995,5899.999999999999,5850.0,5800.0,5750.0,5700.0,5650.0,5600.0,5550.0,5500.0,5450.0,5400.0,5350.0,5300.0,5250.0,5200.0,5150.0,5100.0,5050.0,5000.0,4950.0,4900.0,4850.0,4800.0,4750.0,4700.0,4650.0,4600.0,4550.0,4500.0,4450.0,4400.0,4350.0,4300.0,4250.0,4200.0,4150.0,4100.0,4050.0,4000.0,3950.0,3900.0,3850.0,3800.0,3750.0,3700.0,3650.0,3600.0,3550.0,3500.0,3450.0,3400.0,3350.0,3300.0,3250.0,3200.0,3150.0,3100.0,3050.0,3000.0,2950.0,2900.0,2850.0,2800.0,2750.0,2700.0,2650.0,2600.0,2550.0,2500.0,2450.0,2400.0,2350.0,2300.0,2250.0,2200.0,2150.0,2100.0,2050.0,2000.0,1950.0,1900.0,1850.0,1800.0,1750.0,1700.0,1650.0,1600.0,1550.0,1500.0,1450.0,1400.0,1350.0,1300.0,1250.0,1200.0,1150.0,1100.0,1050.0,1000.0,950.0,900.0,850.0,800.0,750.0,700.0,650.0,600.0,550.0,500.0,450.0,400.0,350.0,300.0,250.0,200.0,150.0,100.0,50.0,0.0
99,13640.79310489669,13628.29310489695,13615.79310489718,13603.293104897384,13590.793104897564,13578.293104897723,13565.793104897863,13553.293104897986,13540.793104898095,13528.293104898192,13515.793104898277,13503.293104898352,13490.793104898417,13478.293104898476,13465.793104898527,13453.293104898572,13440.79310489861,13428.293104898645,13415.793104898676,13403.293104898701,13390.793104898723,13378.293104898743,13365.793104898761,13353.293104898776,13340.793104898788,13328.2931048988,13315.793104898808,13303.293104898818,13290.793104898825,13278.29310489883,13265.793104898836,13253.293104898841,13240.793104898845,13228.293104898847,13215.793104898848,13203.29310489885,13190.79310489885,13178.293104898852,13165.793104898854,13153.293104898854,13140.793104898854,13128.293104898854,13115.793104898854,13103.293104898854,13090.793104898854,13078.293104898854,13065.793104898854,13053.293104898854,13040.793104898854,13028.293104898854,13015.793104898854,13003.293104898854,12990.793104898854,12978.293104898854,12965.793104898854,12953.293104898854,12940.793104898854,12928.293104898854,12915.793104898854,12903.293104898854,12890.793104898854,12878.293104898854,12865.793104898854,12853.293104898854,12840.793104898854,12828.293104898854,12815.793104898854,12803.293104898854,12790.793104898854,12778.293104898854,12765.793104898854,12753.293104898854,12740.793104898854,12728.293104898854,12715.793104898854,12703.293104898854,12690.793104898854,12678.293104898854,12665.793104898854,12653.293104898854,12640.793104898854,12628.293104898854,12615.793104898854,12603.293104898854,12590.793104898854,12578.293104898854,12565.793104898854,12553.293104898854,12540.793104898854,12528.293104898854,12515.793104898854,12503.293104898854,12490.793104898854,12478.293104898854,12465.793104898854,12453.293104898854,12440.793104898854,12428.293104898854,12415.793104898854,12403.293104898854,12390.793104898854,12378.293104898854,12365.793104898854,12353.293104898854,12340.793104898854,12328.293104898854,12315.793104898854,12303.293104898854,12290.793104898854,12278.293104898854,12265.793104898854,12253.293104898854,12240.793104898854,12228.293104898854,12215.793104898854,12203.293104898854,12190.793104898854,12178.293104898854,12165.793104898854,12153.293104898854,12140.793104898854,12128.293104898854,12115.793104898854,12103.293104898854,12090.793104898854,12078.293104898854,12065.793104898854,12053.293104898854,12040.793104898854,12028.293104898854,12015.793104898854,12003.293104898854,11990.793104898854,11978.293104898854,11965.793104898854,11953.293104898854,11940.793104898854,11928.293104898854,11915.793104898854,11903.293104898854,11890.793104898854,11878.293104898854,11865.793104898854,11853.293104898854,11840.793104898854,11828.293104898854,11815.793104898854,11803.293104898854,11790.793104898854,11778.293104898854,11765.793104898854,11753.293104898854,11740.793104898854,11728.293104898854,11715.793104898854,11703.293104898854,11690.793104898854,11678.293104898854,11665.793104898854,11653.293104898854,11640.793104898854,11628.293104898854,11615.793104898854,11603.293104898854,11590.793104898854,11578.293104898854,11565.793104898854,11553.293104898854,11540.793104898854,11528.293104898854,11515.793104898854,11503.293104898854,11490.793104898854,11478.293104898852,11465.79310489885,11453.293104898847,11440.793104898843,11428.293104898836,11415.793104898825,11403.293104898812,11390.793104898792,11378.293104898763,11365.793104898723,11353.293104898667,11340.793104898587,11328.293104898474,11315.793104898316,11303.293104898094,11290.793104897783,11278.293104897348,11265.79310489674,11253.29310489589,11240.79310489471,11228.293104893068,11215.793104890789,11203.29310488763,11190.793104883265,11178.293104877237,11165.793104868932,11153.293104857505,11140.793104841816,11128.29310482031,11115.793104790882,11103.293104750685,11090.793104695877,11078.29310462128,11065.793104519933,11053.293104382494,11040.793104196446,11028.293103945056,11015.793103606,11003.293103149548,10990.793102536189,10978.29310171352,10965.79310061218,10953.293099140545,10940.793097177839,10928.293094565173,10915.793091093972,10903.293086491001,10890.793080399078,10878.29307235229,10865.793061744182,10853.293047787101,10840.79302946028,10828.293005443773,10815.792974034575,10803.29293304039,10790.792879645458,10778.292810241528,10765.792720215508,10753.292603683385,10740.79245315777,10728.292259133646,10715.79200957366,10703.29168927046,10690.791279058962,10678.290754846177,10665.790086419885,10653.289235990265,10640.788156410157,10628.286789010042,10615.785060972803,10603.28288216093,10590.78014129478,10578.276701364892,10565.772394144042,10553.267013645733,10540.760308355213,10528.251972037036,10515.74163289976,10503.228840873991,10490.713052735107,10478.193614776983,10465.669742718883,10453.140498505149,10440.60476363737,10428.061208662968,10415.508258433732,10402.944052744762,10390.366401970285,10377.772737330071,10365.160055450875,10352.524856933876,10339.863078703816,10327.17002000075,10314.440261983307,10301.66758104485,10288.84485610263,10275.963970305655,10263.015707819883,10249.989646588638,10236.874048230082,10223.65574651896,10210.32003620208,10196.8505642101,10183.229225644163,10169.436067225484,10155.449201187905,10141.244732855117,10126.796705361716,10112.077065135607,10097.055651843082,10081.700216491528,10065.976471273634,10049.848174507373,10033.277253667131,10016.223969004623,9998.647119619793,9980.504293062184,9961.752158628475,9942.346803484264,9922.244109596573,9901.400168243417,9879.771727600186,9857.31666762755,9833.994495245413,9809.766851619157,9784.59802235751,9758.455440575566,9731.310172159632,9703.137372226309,9673.916701733262,9643.632693501204,9612.275057561987,9579.838916759349,9546.324964885303,9511.739541309591,9476.094618009734,9439.40769707877,9401.701619106843,9363.004285222327,9323.348297950593,9282.770528314291,9241.31161866838,9199.015432552498,9155.928464278119,9112.099221987897,9067.577598486285,9022.41424422016,8976.659956383866,8930.365097254014,8883.57905356638,8836.349747089738,8788.72320460493,8740.74319334916,8692.450925729921,8643.884834846462,8595.08042017294,8546.070160741498,8496.883491389133,8447.54683615689,8398.083691793348,8348.514753537656,8298.858074941794,8249.129253421812,8199.341633471424,8149.506519984953,8099.633394866829,8049.730130993849,7999.803198584626,7949.857860061104,7899.898350507692,7849.928041800247,7799.949589354581,7749.965061207301,7699.97604977524,7649.983767137732,7599.989125050772,7549.992801142689,7499.995292871228,7449.996960859076,7399.998063187493,7349.9987821345685,7299.999244713346,7249.999538211387,7199.999721770337,7149.999834882337,7099.999903527134,7049.999944534888,6999.999968637672,6949.999982568722,6899.999990482367,6849.999994898006,6799.999997316633,6749.999998616271,6699.999999300904,6649.999999654217,6599.999999832701,6549.99999992089,6499.999999963474,6449.999999983549,6399.99999999278,6349.999999996917,6299.99999999872,6249.999999999485,6199.9999999998,6149.999999999925,6099.999999999974,6049.999999999992,5999.999999999998,5950.0,5900.0,5850.0,5800.0,5750.0,5700.0,5650.0,5600.0,5550.0,5500.0,5450.0,5400.0,5350.0,5300.0,5250.0,5200.0,5150.0,5100.0,5050.0,5000.0,4950.0,4900.0,4850.0,4800.0,4750.0,4700.0,4650.0,4600.0,4550.0,4500.0,4450.0,4400.0,4350.0,4300.0,4250.0,4200.0,4150.0,4100.0,4050.0,4000.0,3950.0,3900.0,3850.0,3800.0,3750.0,3700.0,3650.0,3600.0,3550.0,3500.0,3450.0,3400.0,3350.0,3300.0,3250.0,3200.0,3150.0,3100.0,3050.0,3000.0,2950.0,2900.0,2850.0,2800.0,2750.0,2700.0,2650.0,2600.0,2550.0,2500.0,2450.0,2400.0,2350.0,2300.0,2250.0,2200.0,2150.0,2100.0,2050.0,2000.0,1950.0,1900.0,1850.0,1800.0,1750.0,1700.0,1650.0,1600.0,1550.0,1500.0,1450.0,1400.0,1350.0,1300.0,1250.0,1200.0,1150.0,1100.0,1050.0,1000.0,950.0,900.0,850.0,800.0,750.0,700.0,650.0,600.0,550.0,500.0,450.0,400.0,350.0,300.0,250.0,200.0,150.0,100.0,50.0,0.0
100,13715.793104897959,13703.293104898072,13690.79310489817,13678.293104898257,13665.793104898334,13653.293104898401,13640.793104898461,13628.293104898514,13615.79310489856,13603.2931048986,13590.793104898636,13578.293104898667,13565.793104898694,13553.293104898718,13540.793104898738,13528.293104898756,13515.79310489877,13503.293104898785,13490.793104898796,13478.293104898807,13465.793104898816,13453.293104898823,13440.793104898828,13428.293104898834,13415.79310489884,13403.293104898843,13390.793104898847,13378.293104898848,13365.79310489885,13353.29310489885,13340.79310489885,13328.293104898852,13315.793104898854,13303.293104898854,13290.793104898854,13278.293104898854,13265.793104898854,13253.293104898854,13240.793104898854,13228.293104898854,13215.793104898854,13203.293104898854,13190.793104898854,13178.293104898854,13165.793104898854,13153.293104898854,13140.793104898854,13128.293104898854,13115.793104898854,13103.293104898854,13090.793104898854,13078.293104898854,13065.793104898854,13053.293104898854,13040.793104898854,13028.293104898854,13015.793104898854,13003.293104898854,12990.793104898854,12978.293104898854,12965.793104898854,12953.293104898854,12940.793104898854,12928.293104898854,12915.793104898854,12903.293104898854,12890.793104898854,12878.293104898854,12865.793104898854,12853.293104898854,12840.793104898854,12828.293104898854,12815.793104898854,12803.293104898854,12790.793104898854,12778.293104898854,12765.793104898854,12753.293104898854,12740.793104898854,12728.293104898854,12715.793104898854,12703.293104898854,12690.793104898854,12678.293104898854,12665.793104898854,12653.293104898854,12640.793104898854,12628.293104898854,12615.793104898854,12603.293104898854,12590.793104898854,12578.293104898854,12565.793104898854,12553.293104898854,12540.793104898854,12528.293104898854,12515.793104898854,12503.293104898854,12490.793104898854,12478.293104898854,12465.793104898854,12453.293104898854,12440.793104898854,12428.293104898854,12415.793104898854,12403.293104898854,12390.793104898854,12378.293104898854,12365.793104898854,12353.293104898854,12340.793104898854,12328.293104898854,12315.793104898854,12303.293104898854,12290.793104898854,12278.293104898854,12265.793104898854,12253.293104898854,12240.793104898854,12228.293104898854,12215.793104898854,12203.293104898854,12190.793104898854,12178.293104898854,12165.793104898854,12153.293104898854,12140.793104898854,12128.293104898854,12115.793104898854,12103.293104898854,12090.793104898854,12078.293104898854,12065.793104898854,12053.293104898854,12040.793104898854,12028.293104898854,12015.793104898854,12003.293104898854,11990.793104898854,11978.293104898854,11965.793104898854,11953.293104898854,11940.793104898854,11928.293104898854,11915.793104898854,11903.293104898854,11890.793104898854,11878.293104898854,11865.793104898854,11853.293104898854,11840.793104898854,11828.293104898854,11815.793104898854,11803.293104898854,11790.793104898854,11778.293104898854,11765.793104898854,11753.293104898854,11740.793104898854,11728.293104898854,11715.793104898854,11703.293104898854,11690.793104898854,11678.293104898854,11665.793104898854,11653.293104898854,11640.793104898854,11628.293104898854,11615.793104898854,11603.293104898854,11590.793104898852,11578.29310489885,11565.793104898848,11553.293104898845,11540.79310489884,11528.29310489883,11515.793104898818,11503.293104898801,11490.793104898778,11478.293104898745,11465.793104898696,11453.293104898628,11440.793104898534,11428.2931048984,11415.79310489821,11403.293104897948,11390.79310489758,11378.293104897068,11365.793104896351,11353.293104895356,11340.793104893972,11328.29310489205,11315.793104889392,11303.293104885715,11290.793104880642,11278.293104873655,11265.793104864046,11253.293104850853,11240.793104832774,11228.293104808045,11215.793104774273,11203.293104728236,11190.79310466559,11178.293104580494,11165.793104465112,11153.293104308947,11140.79310409796,11128.293103813427,11115.793103430406,11103.293102915757,11090.793102225514,11078.293101301479,11065.79310006677,11053.29309842002,11040.793096227859,11028.293093315173,11015.793089452509,11003.293084339846,10990.79307758572,10978.29306868044,10965.793056961798,10953.293041571307,10940.793021398433,10928.292995009764,10915.79296055925,10903.292915674727,10890.79285731488,10878.29278158937,10865.792683533282,10853.292556825036,10840.792393434562,10828.292183185738,10815.791913213707,10803.291567293769,10790.791125013877,10778.290560757294,10765.789842455624,10753.288930065071,10740.787773710259,10728.286311430253,10715.784466450348,10703.282143890654,10690.779226808505,10678.27557145608,10665.77100161738,10653.265301869867,10640.758209595693,10628.249405545654,10615.738502736094,10603.225033435152,10590.708433970542,10578.188027067092,10565.663001399076,10553.132388021171,10540.59503332346,10528.04956814177,10515.49437264617,10502.927536629371,10490.34681482501,10477.749576905258,10465.132751840232,10452.492766350395,10439.825477249915,10427.126097565953,10414.389116428092,10401.608212855434,10388.776163727558,10375.884746410266,10362.924636717902,10349.88530313015,10336.754898440417,10323.520150292197,10310.166252354313,10296.676758189667,10283.033480177253,10269.216396144406,10255.20356664465,10240.971066063817,10226.49293093973,10211.741129024345,10196.685552686975,10181.294040238343,10165.532428633604,10149.364640775679,10132.752810277723,10115.657446048073,10098.037638429016,10079.851307853409,10061.055496087025,10041.606699111868,10021.461239595263,10000.57567570626,9978.907241815949,9956.414315388482,9933.056903176777,9908.797138726002,9883.599782206591,9857.432712794025,9830.26740323054,9802.079365885513,9772.848559611393,9742.55974699648,9711.202792259697,9678.77289101819,9645.270724474396,9610.702532189443,9575.080099493585,9538.420657677581,9500.746697345428,9462.085697612087,9422.46977611733,9381.935267012335,9340.522236074077,9298.273943833861,9255.23626899934,9211.457105446183,9166.985746614248,9121.872271240598,9076.166943994911,9029.919643769663,8983.179331155461,8935.99356505691,8888.408076547441,8840.466406005144,8792.209607405357,8743.676021461553,8694.901117193185,8645.917399539909,8596.754378906877,8547.438597072256,8497.993702755379,8448.44056935387,8398.797446914392,8349.080140291127,8299.302205640459,8249.475157859106,8199.60868224679,8149.710844508626,8099.788294150423,8049.846457306996,7999.889716029365,7949.921571997627,7899.9447934875625,7849.961545174878,7799.973500995175,7749.981940783047,7699.987831790854,7649.991896443977,7599.994667837182,7549.996534531674,7499.99777619212,7449.998591525163,7399.999119862832,7349.999457591097,7299.999670468847,7249.999802726307,7199.999883682278,7149.999932482219,7099.999961437305,7049.9999783397225,6999.999988041773,6949.9999935148235,6899.99999654728,6849.999998196554,6799.999999076475,6749.99999953668,6699.999999772455,6649.999999890693,6599.9999999486845,6549.999999976479,6499.999999989484,6449.99999999542,6399.999999998059,6349.9999999992015,6299.999999999682,6249.999999999877,6199.9999999999545,6149.9999999999845,6099.999999999995,6049.999999999999,6000.0,5950.0,5900.0,5850.0,5800.0,5750.0,5700.0,5650.0,5600.0,5550.0,5500.0,5450.0,5400.0,5350.0,5300.0,5250.0,5200.0,5150.0,5100.0,5050.0,5000.0,4950.0,4900.0,4850.0,4800.0,4750.0,4700.0,4650.0,4600.0,4550.0,4500.0,4450.0,4400.0,4350.0,4300.0,4250.0,4200.0,4150.0,4100.0,4050.0,4000.0,3950.0,3900.0,3850.0,3800.0,3750.0,3700.0,3650.0,3600.0,3550.0,3500.0,3450.0,3400.0,3350.0,3300.0,3250.0,3200.0,3150.0,3100.0,3050.0,3000.0,2950.0,2900.0,2850.0,2800.0,2750.0,2700.0,2650.0,2600.0,2550.0,2500.0,2450.0,2400.0,2350.0,2300.0,2250.0,2200.0,2150.0,2100.0,2050.0,2000.0,1950.0,1900.0,1850.0,1800.0,1750.0,1700.0,1650.0,1600.0,1550.0,1500.0,1450.0,1400.0,1350.0,1300.0,1250.0,1200.0,1150.0,1100.0,1050.0,1000.0,950.0,900.0,850.0,800.0,750.0,700.0,650.0,600.0,550.0,500.0,450.0,400.0,350.0,300.0,250.0,200.0,150.0,100.0,50.0,0.0
